VertexID	Color
6	1
4	1
8	1
10	1
12	1
19	1
21	1
25	1
23	1
36	1
43	1
32	1
34	1
38	1
40	1
45	1
49	1
55	1
82	1
85	1
100	1
87	1
78	1
47	1
53	1
64	1
62	1
66	1
159	1
288	1
425	1
429	1
558	1
431	1
564	1
433	1
290	1
427	1
161	1
68	1
294	1
167	1
165	1
72	1
74	1
93	1
97	1
172	1
178	1
295	1
297	1
566	1
570	1
689	1
702	1
700	1
723	1
704	1
706	1
711	1
851	1
853	1
861	1
859	1
890	1
870	1
717	1
868	1
973	1
981	1
1000	1
715	1
693	1
578	1
574	1
576	1
580	1
445	1
443	1
304	1
436	1
586	1
447	1
176	1
300	1
309	1
307	1
181	1
183	1
91	1
106	1
112	1
113	1
119	1
143	1
264	1
220	1
267	1
228	1
260	1
231	1
224	1
273	1
256	1
275	1
280	1
284	1
253	1
145	1
149	1
136	1
129	1
131	1
188	1
133	1
194	1
316	1
313	1
441	1
318	1
331	1
333	1
325	1
466	1
456	1
584	1
592	1
728	1
753	1
896	1
898	1
757	1
907	1
909	1
899	1
761	1
807	1
912	1
1042	1
1044	1
1035	1
903	1
1022	1
1026	1
1024	1
1103	1
1105	1
1039	1
1110	1
1119	1
954	1
1051	1
1069	1
1074	1
1125	1
1123	1
1136	1
1132	1
1145	1
1134	1
1128	1
1141	1
1116	1
1191	1
1118	1
1193	1
1204	1
1202	1
1211	1
1209	1
1213	1
1088	1
1151	1
1166	1
1207	1
1170	1
1200	1
1157	1
1164	1
1179	1
1155	1
1162	1
1097	1
1093	1
1099	1
1172	1
1095	1
1137	1
1175	1
1182	1
1186	1
1190	1
555	1
548	1
545	1
534	1
541	1
552	1
679	1
684	1
842	1
844	1
677	1
675	1
668	1
539	1
532	1
537	1
631	1
530	1
523	1
626	1
525	1
403	1
410	1
286	1
421	1
406	1
408	1
417	1
502	1
495	1
498	1
519	1
838	1
845	1
961	1
964	1
968	1
959	1
966	1
836	1
928	1
932	1
938	1
940	1
934	1
789	1
617	1
511	1
654	1
658	1
809	1
650	1
652	1
644	1
648	1
616	1
464	1
582	1
599	1
595	1
614	1
609	1
355	1
507	1
476	1
505	1
509	1
364	1
222	1
239	1
218	1
125	1
151	1
235	1
347	1
351	1
346	1
196	1
123	1
140	1
153	1
199	1
197	1
208	1
210	1
320	1
335	1
337	1
344	1
450	1
468	1
469	1
473	1
360	1
241	1
349	1
245	1
372	1
374	1
376	1
370	1
368	1
479	1
379	1
494	1
383	1
483	1
488	1
492	1
503	1
515	1
619	1
636	1
638	1
642	1
628	1
662	1
672	1
829	1
775	1
824	1
664	1
815	1
825	1
946	1
948	1
950	1
817	1
941	1
767	1
769	1
794	1
802	1
777	1
785	1
796	1
917	1
919	1
921	1
930	1
936	1
952	1
1057	1
1059	1
975	1
983	1
1006	1
969	1
979	1
996	1
875	1
730	1
887	1
881	1
883	1
1010	1
1020	1
877	1
1014	1
1018	1
1016	1
994	1
1002	1
1004	1
1077	1
1081	1
249	1
269	1
389	1
392	1
396	1
398	1
601	1
697	1
713	1
744	1
746	1
748	1
750	1
1	1
5	2
3	2
7	2
9	2
14	2
18	2
20	2
22	2
27	2
35	2
44	2
31	2
37	2
46	2
52	2
57	2
50	2
81	2
79	2
102	2
104	2
77	2
48	2
63	2
61	2
65	2
160	2
426	2
287	2
424	2
559	2
562	2
291	2
67	2
162	2
164	2
170	2
166	2
69	2
73	2
90	2
94	2
174	2
301	2
438	2
569	2
688	2
690	2
699	2
703	2
725	2
705	2
712	2
852	2
854	2
856	2
860	2
862	2
864	2
858	2
867	2
718	2
971	2
982	2
988	2
873	2
720	2
694	2
716	2
573	2
575	2
440	2
577	2
579	2
444	2
303	2
446	2
460	2
585	2
448	2
299	2
179	2
92	2
96	2
109	2
111	2
115	2
117	2
263	2
265	2
144	2
227	2
259	2
232	2
219	2
230	2
257	2
282	2
255	2
274	2
272	2
251	2
146	2
150	2
135	2
130	2
132	2
189	2
187	2
192	2
315	2
308	2
306	2
329	2
458	2
462	2
591	2
727	2
754	2
895	2
897	2
752	2
759	2
910	2
900	2
916	2
914	2
1041	2
1043	2
906	2
1033	2
1037	2
1028	2
1030	2
1101	2
1106	2
1109	2
1122	2
953	2
1050	2
1052	2
1072	2
1130	2
1135	2
1146	2
1133	2
1107	2
1142	2
1115	2
1192	2
1117	2
1194	2
1198	2
1203	2
1210	2
1212	2
1214	2
1087	2
1148	2
1165	2
1152	2
1208	2
1169	2
1163	2
1153	2
1092	2
1161	2
1090	2
1094	2
1111	2
1159	2
1138	2
1174	2
1176	2
1181	2
1183	2
1185	2
1189	2
533	2
553	2
847	2
682	2
841	2
678	2
550	2
667	2
531	2
540	2
538	2
529	2
524	2
632	2
625	2
412	2
285	2
422	2
401	2
418	2
501	2
414	2
496	2
497	2
526	2
520	2
673	2
832	2
837	2
962	2
963	2
1067	2
965	2
960	2
1066	2
933	2
931	2
937	2
926	2
766	2
512	2
522	2
518	2
621	2
780	2
657	2
782	2
806	2
810	2
755	2
649	2
643	2
647	2
740	2
736	2
607	2
454	2
581	2
606	2
598	2
600	2
615	2
596	2
478	2
361	2
508	2
506	2
510	2
363	2
240	2
221	2
234	2
236	2
214	2
141	2
216	2
348	2
243	2
352	2
345	2
124	2
122	2
154	2
156	2
205	2
201	2
207	2
203	2
209	2
319	2
327	2
336	2
338	2
323	2
343	2
449	2
467	2
472	2
474	2
359	2
357	2
247	2
382	2
481	2
485	2
386	2
384	2
366	2
380	2
493	2
487	2
491	2
489	2
634	2
623	2
627	2
661	2
665	2
669	2
827	2
774	2
663	2
814	2
945	2
822	2
834	2
947	2
949	2
818	2
942	2
640	2
768	2
770	2
793	2
801	2
778	2
797	2
787	2
795	2
811	2
918	2
922	2
935	2
951	2
1054	2
1056	2
1058	2
893	2
997	2
1008	2
991	2
980	2
729	2
871	2
882	2
1009	2
1011	2
884	2
1017	2
977	2
993	2
1001	2
1015	2
1075	2
1078	2
1082	2
1086	2
270	2
278	2
390	2
397	2
399	2
589	2
731	2
742	2
2	3
15	3
11	3
13	3
24	3
29	3
42	3
33	3
51	3
86	3
80	3
99	3
103	3
84	3
54	3
75	3
60	3
157	3
423	3
560	3
563	3
432	3
561	3
428	3
292	3
169	3
168	3
71	3
89	3
171	3
177	3
296	3
298	3
437	3
687	3
691	3
685	3
701	3
726	3
707	3
849	3
855	3
892	3
866	3
710	3
974	3
972	3
999	3
987	3
874	3
719	3
696	3
568	3
571	3
175	3
310	3
312	3
182	3
95	3
105	3
107	3
114	3
118	3
262	3
147	3
268	3
225	3
258	3
279	3
283	3
271	3
252	3
128	3
186	3
190	3
134	3
314	3
317	3
330	3
326	3
332	3
451	3
457	3
455	3
461	3
588	3
733	3
901	3
908	3
915	3
762	3
913	3
911	3
905	3
1021	3
1034	3
1027	3
1031	3
1029	3
1023	3
1104	3
1048	3
1121	3
1070	3
956	3
1073	3
1124	3
1129	3
1144	3
1108	3
1127	3
1140	3
1195	3
1197	3
1201	3
1215	3
1149	3
1147	3
1168	3
1205	3
1178	3
1180	3
1091	3
1156	3
1098	3
1089	3
1100	3
1112	3
1171	3
1114	3
1187	3
556	3
547	3
546	3
543	3
551	3
680	3
683	3
843	3
676	3
535	3
527	3
411	3
404	3
420	3
405	3
416	3
413	3
500	3
629	3
660	3
839	3
1063	3
835	3
958	3
943	3
939	3
790	3
622	3
618	3
514	3
521	3
765	3
653	3
779	3
781	3
756	3
805	3
646	3
738	3
593	3
611	3
603	3
605	3
597	3
613	3
610	3
362	3
356	3
475	3
223	3
233	3
126	3
142	3
215	3
237	3
342	3
195	3
138	3
155	3
200	3
198	3
202	3
211	3
321	3
324	3
340	3
471	3
354	3
350	3
358	3
246	3
388	3
377	3
373	3
375	3
369	3
367	3
381	3
482	3
486	3
484	3
516	3
504	3
620	3
637	3
763	3
666	3
671	3
830	3
776	3
823	3
813	3
772	3
819	3
826	3
792	3
639	3
655	3
798	3
800	3
783	3
803	3
920	3
924	3
1046	3
1053	3
1055	3
1061	3
894	3
976	3
1005	3
970	3
995	3
876	3
721	3
880	3
886	3
888	3
1012	3
989	3
985	3
1003	3
1080	3
1084	3
277	3
394	3
400	3
590	3
698	3
741	3
743	3
745	3
747	3
16	4
17	4
28	4
26	4
30	4
41	4
39	4
58	4
56	4
101	4
88	4
83	4
76	4
59	4
158	4
430	4
557	4
289	4
434	4
163	4
293	4
70	4
98	4
173	4
302	4
565	4
692	4
686	4
724	4
708	4
850	4
889	4
891	4
863	4
857	4
865	4
869	4
709	4
695	4
567	4
439	4
435	4
459	4
572	4
311	4
180	4
184	4
108	4
110	4
116	4
120	4
266	4
261	4
148	4
229	4
226	4
281	4
276	4
254	4
127	4
185	4
193	4
191	4
305	4
442	4
334	4
452	4
465	4
583	4
587	4
734	4
758	4
751	4
760	4
902	4
808	4
1036	4
904	4
1038	4
1025	4
1032	4
1102	4
1040	4
1047	4
1120	4
1049	4
1071	4
955	4
1126	4
1131	4
1143	4
1139	4
1196	4
1216	4
1150	4
1167	4
1206	4
1199	4
1177	4
1158	4
1154	4
1160	4
1096	4
1173	4
1113	4
1184	4
1188	4
544	4
542	4
554	4
848	4
681	4
549	4
536	4
528	4
409	4
419	4
402	4
415	4
407	4
499	4
630	4
659	4
674	4
831	4
840	4
846	4
967	4
1068	4
1065	4
957	4
1064	4
944	4
927	4
925	4
513	4
517	4
651	4
645	4
737	4
739	4
735	4
608	4
463	4
453	4
594	4
604	4
612	4
477	4
213	4
152	4
217	4
238	4
244	4
341	4
212	4
121	4
139	4
137	4
206	4
204	4
322	4
328	4
339	4
470	4
353	4
242	4
248	4
387	4
378	4
371	4
480	4
385	4
365	4
490	4
633	4
635	4
641	4
764	4
624	4
670	4
828	4
773	4
771	4
816	4
820	4
821	4
833	4
656	4
791	4
786	4
799	4
784	4
788	4
804	4
812	4
923	4
929	4
1045	4
1060	4
1062	4
998	4
1007	4
984	4
992	4
872	4
722	4
879	4
885	4
1019	4
878	4
990	4
1013	4
978	4
986	4
1076	4
1079	4
1083	4
1085	4
250	4
391	4
393	4
395	4
602	4
714	4
732	4
749	4
