VertexID	Color
92	1
140	1
215	1
383	1
461	1
526	1
677	1
728	1
812	1
1000	1
1055	1
1184	1
1211	1
1353	1
1463	1
1590	1
1652	1
1776	1
1878	1
1959	1
2003	1
2162	1
2209	1
2388	1
2404	1
2519	1
2670	1
2747	1
2830	1
2980	1
3058	1
3165	1
3273	1
3336	1
3427	1
3572	1
3656	1
3768	1
3864	1
3934	1
4057	1
4149	1
4238	1
4394	1
4433	1
4560	1
4699	1
4785	1
4841	1
4908	1
5022	1
5113	1
5295	1
5387	1
5445	1
5523	1
5643	1
5737	1
5801	1
5998	1
6031	1
6175	1
6274	1
6389	1
6444	1
6593	1
6632	1
6767	1
6816	1
6918	1
7035	1
7120	1
7282	1
7348	1
7451	1
7550	1
7666	1
7754	1
7821	1
7991	1
8071	1
8179	1
8286	1
8307	1
8410	1
8581	1
8625	1
8714	1
8802	1
8969	1
9039	1
9197	1
9205	1
9396	1
9446	1
9517	1
9642	1
9706	1
9829	1
9924	1
95	2
192	2
256	2
336	2
448	2
530	2
641	2
740	2
872	2
904	2
1091	2
1157	2
1213	2
1311	2
1409	2
1526	2
1665	2
1767	2
1829	2
1924	2
2080	2
2110	2
2246	2
2325	2
2497	2
2561	2
2628	2
2778	2
2899	2
2994	2
3073	2
3198	2
3260	2
3371	2
3437	2
3520	2
3650	2
3751	2
3882	2
3963	2
4047	2
4138	2
4206	2
4343	2
4469	2
4593	2
4679	2
4752	2
4855	2
5000	2
5014	2
5108	2
5207	2
5377	2
5405	2
5585	2
5696	2
5768	2
5854	2
5933	2
6084	2
6131	2
6221	2
6345	2
6401	2
6516	2
6658	2
6722	2
6876	2
6959	2
7088	2
7123	2
7239	2
7374	2
7402	2
7562	2
7664	2
7781	2
7875	2
7944	2
8003	2
8127	2
8212	2
8342	2
8490	2
8519	2
8615	2
8749	2
8870	2
8987	2
9035	2
9132	2
9289	2
9353	2
9466	2
9518	2
9634	2
9783	2
9886	2
9917	2
50	3
123	3
202	3
386	3
415	3
598	3
665	3
733	3
840	3
928	3
1056	3
1114	3
1239	3
1388	3
1487	3
1568	3
1700	3
1701	3
1826	3
1919	3
2090	3
2127	3
2267	3
2372	3
2484	3
2532	3
2677	3
2721	3
2841	3
2934	3
3062	3
3173	3
3251	3
3317	3
3475	3
3506	3
3629	3
3703	3
3808	3
3970	3
4013	3
4122	3
4283	3
4385	3
4497	3
4536	3
4618	3
4793	3
4849	3
4980	3
5007	3
5171	3
5224	3
5344	3
5464	3
5595	3
5625	3
5709	3
5848	3
5966	3
6096	3
6110	3
6281	3
6369	3
6452	3
6559	3
6630	3
6747	3
6891	3
6904	3
7045	3
7174	3
7278	3
7361	3
7492	3
7512	3
7620	3
7705	3
7882	3
7999	3
8038	3
8154	3
8263	3
8389	3
8446	3
8576	3
8637	3
8743	3
8831	3
8957	3
9060	3
9116	3
9294	3
9379	3
9411	3
9553	3
9658	3
9755	3
9835	3
9942	3
11	4
177	4
287	4
337	4
449	4
581	4
605	4
726	4
841	4
945	4
1021	4
1102	4
1228	4
1386	4
1429	4
1533	4
1618	4
1739	4
1836	4
1958	4
2069	4
2199	4
2279	4
2301	4
2454	4
2557	4
2652	4
2776	4
2832	4
2989	4
3038	4
3115	4
3295	4
3394	4
3414	4
3548	4
3603	4
3796	4
3804	4
3935	4
4031	4
4117	4
4209	4
4371	4
4455	4
4524	4
4640	4
4743	4
4842	4
4992	4
5059	4
5107	4
5298	4
5306	4
5472	4
5546	4
5660	4
5778	4
5812	4
5967	4
6053	4
6190	4
6225	4
6308	4
6484	4
6562	4
6683	4
6800	4
6856	4
6964	4
7097	4
7170	4
7213	4
7323	4
7465	4
7591	4
7693	4
7782	4
7851	4
7947	4
8075	4
8168	4
8274	4
8366	4
8444	4
8520	4
8627	4
8710	4
8863	4
8934	4
9016	4
9173	4
9280	4
9361	4
9422	4
9519	4
9688	4
9785	4
9830	4
9950	4
31	5
188	5
271	5
356	5
483	5
529	5
650	5
713	5
896	5
946	5
1036	5
1159	5
1258	5
1398	5
1423	5
1506	5
1633	5
1748	5
1835	5
1990	5
2044	5
2120	5
2295	5
2379	5
2451	5
2568	5
2691	5
2799	5
2826	5
2903	5
3092	5
3110	5
3272	5
3316	5
3494	5
3537	5
3622	5
3770	5
3847	5
3961	5
4077	5
4107	5
4225	5
4367	5
4478	5
4575	5
4673	5
4766	5
4809	5
4989	5
5005	5
5153	5
5201	5
5364	5
5476	5
5517	5
5662	5
5718	5
5869	5
6000	5
6012	5
6163	5
6238	5
6314	5
6442	5
6597	5
6627	5
6785	5
6840	5
6987	5
7024	5
7152	5
7286	5
7328	5
7408	5
7574	5
7660	5
7784	5
7802	5
7911	5
8034	5
8104	5
8241	5
8380	5
8430	5
8593	5
8649	5
8755	5
8854	5
8915	5
9019	5
9182	5
9265	5
9339	5
9443	5
9545	5
9632	5
9757	5
9881	5
9921	5
40	6
109	6
248	6
301	6
471	6
579	6
611	6
781	6
895	6
966	6
1082	6
1198	6
1264	6
1320	6
1408	6
1565	6
1651	6
1773	6
1868	6
1929	6
2021	6
2125	6
2286	6
2391	6
2449	6
2545	6
2641	6
2758	6
2818	6
2992	6
3033	6
3132	6
3244	6
3375	6
3467	6
3585	6
3689	6
3793	6
3860	6
3930	6
4007	6
4169	6
4257	6
4323	6
4462	6
4519	6
4674	6
4727	6
4839	6
4934	6
5080	6
5152	6
5261	6
5370	6
5436	6
5516	6
5603	6
5783	6
5810	6
5904	6
6014	6
6138	6
6246	6
6353	6
6487	6
6505	6
6647	6
6713	6
6878	6
6996	6
7072	6
7115	6
7242	6
7377	6
7450	6
7597	6
7622	6
7728	6
7854	6
7988	6
8055	6
8117	6
8237	6
8376	6
8443	6
8502	6
8612	6
8731	6
8859	6
8999	6
9094	6
9184	6
9256	6
9335	6
9463	6
9526	6
9700	6
9790	6
9824	6
9906	6
3	7
167	7
204	7
343	7
436	7
507	7
657	7
761	7
842	7
970	7
1049	7
1185	7
1271	7
1315	7
1412	7
1574	7
1681	7
1735	7
1897	7
1932	7
2093	7
2189	7
2227	7
2396	7
2441	7
2544	7
2662	7
2773	7
2823	7
2921	7
3094	7
3150	7
3208	7
3355	7
3428	7
3514	7
3658	7
3701	7
3872	7
3906	7
4052	7
4179	7
4282	7
4316	7
4488	7
4526	7
4669	7
4756	7
4895	7
4990	7
5053	7
5184	7
5263	7
5309	7
5475	7
5538	7
5622	7
5745	7
5840	7
5964	7
6017	7
6147	7
6291	7
6333	7
6477	7
6502	7
6659	7
6780	7
6892	7
6919	7
7048	7
7125	7
7211	7
7320	7
7405	7
7578	7
7629	7
7776	7
7860	7
7966	7
8065	7
8110	7
8234	7
8346	7
8454	7
8599	7
8624	7
8786	7
8818	7
8931	7
9068	7
9183	7
9298	7
9330	7
9500	7
9537	7
9613	7
9739	7
9887	7
9951	7
44	8
148	8
295	8
338	8
478	8
583	8
619	8
790	8
892	8
973	8
1065	8
1128	8
1255	8
1352	8
1467	8
1537	8
1699	8
1721	8
1806	8
1902	8
2088	8
2151	8
2293	8
2363	8
2434	8
2510	8
2687	8
2707	8
2822	8
2982	8
3050	8
3113	8
3279	8
3356	8
3420	8
3558	8
3659	8
3716	8
3833	8
3953	8
4098	8
4180	8
4208	8
4364	8
4500	8
4504	8
4615	8
4725	8
4836	8
4903	8
5062	8
5157	8
5249	8
5375	8
5491	8
5524	8
5614	8
5785	8
5843	8
5986	8
6097	8
6184	8
6242	8
6346	8
6454	8
6527	8
6611	8
6789	8
6823	8
6940	8
7005	8
7171	8
7235	8
7318	8
7461	8
7569	8
7696	8
7739	8
7826	8
7931	8
8001	8
8129	8
8232	8
8330	8
8476	8
8577	8
8670	8
8747	8
8860	8
8909	8
9045	8
9174	8
9212	8
9394	8
9472	8
9581	8
9617	8
9768	8
9866	8
9941	8
70	9
137	9
244	9
324	9
435	9
528	9
627	9
751	9
845	9
959	9
1100	9
1133	9
1214	9
1322	9
1483	9
1571	9
1639	9
1742	9
1880	9
1923	9
2009	9
2179	9
2204	9
2313	9
2438	9
2531	9
2678	9
2763	9
2807	9
2973	9
3001	9
3167	9
3257	9
3302	9
3412	9
3588	9
3698	9
3743	9
3894	9
3960	9
4085	9
4153	9
4218	9
4375	9
4408	9
4574	9
4681	9
4791	9
4869	9
4955	9
5010	9
5115	9
5272	9
5399	9
5432	9
5558	9
5634	9
5736	9
5847	9
5977	9
6054	9
6176	9
6252	9
6393	9
6492	9
6549	9
6690	9
6725	9
6895	9
6911	9
7050	9
7121	9
7265	9
7317	9
7448	9
7540	9
7682	9
7787	9
7816	9
7997	9
8056	9
8119	9
8203	9
8362	9
8468	9
8546	9
8686	9
8784	9
8829	9
8941	9
9005	9
9164	9
9206	9
9366	9
9496	9
9561	9
9626	9
9730	9
9889	9
9920	9
38	10
102	10
259	10
375	10
480	10
577	10
630	10
788	10
817	10
976	10
1046	10
1109	10
1226	10
1367	10
1437	10
1516	10
1690	10
1744	10
1845	10
1995	10
2099	10
2133	10
2218	10
2400	10
2487	10
2562	10
2621	10
2793	10
2812	10
2948	10
3039	10
3197	10
3213	10
3369	10
3454	10
3507	10
3683	10
3784	10
3868	10
3951	10
4019	10
4186	10
4236	10
4314	10
4471	10
4566	10
4663	10
4711	10
4873	10
4970	10
5024	10
5128	10
5281	10
5379	10
5461	10
5594	10
5658	10
5703	10
5856	10
5929	10
6008	10
6104	10
6241	10
6315	10
6435	10
6574	10
6660	10
6705	10
6885	10
6950	10
7065	10
7178	10
7272	10
7398	10
7410	10
7596	10
7649	10
7720	10
7855	10
7953	10
8006	10
8152	10
8291	10
8357	10
8482	10
8534	10
8689	10
8727	10
8825	10
8922	10
9023	10
9140	10
9232	10
9343	10
9442	10
9547	10
9601	10
9764	10
9831	10
9992	10
84	11
132	11
252	11
309	11
446	11
555	11
644	11
757	11
808	11
929	11
1059	11
1179	11
1243	11
1364	11
1489	11
1547	11
1605	11
1761	11
1860	11
1918	11
2041	11
2139	11
2221	11
2317	11
2403	11
2516	11
2674	11
2766	11
2824	11
2926	11
3088	11
3136	11
3234	11
3323	11
3431	11
3512	11
3677	11
3786	11
3862	11
3994	11
4080	11
4154	11
4211	11
4307	11
4473	11
4520	11
4622	11
4790	11
4863	11
4982	11
5048	11
5187	11
5299	11
5338	11
5440	11
5600	11
5672	11
5791	11
5849	11
5910	11
6095	11
6197	11
6256	11
6358	11
6498	11
6545	11
6615	11
6792	11
6835	11
6967	11
7027	11
7151	11
7285	11
7325	11
7476	11
7565	11
7606	11
7778	11
7828	11
7969	11
8030	11
8142	11
8293	11
8302	11
8453	11
8533	11
8601	11
8713	11
8819	11
8981	11
9004	11
9137	11
9283	11
9368	11
9450	11
9514	11
9671	11
9775	11
9870	11
9996	11
37	12
194	12
241	12
351	12
460	12
599	12
698	12
731	12
857	12
915	12
1072	12
1188	12
1216	12
1308	12
1407	12
1520	12
1630	12
1743	12
1877	12
1970	12
2061	12
2138	12
2256	12
2327	12
2412	12
2542	12
2681	12
2729	12
2814	12
2950	12
3025	12
3117	12
3286	12
3391	12
3433	12
3592	12
3665	12
3763	12
3858	12
3975	12
4045	12
4134	12
4226	12
4335	12
4418	12
4576	12
4683	12
4713	12
4810	12
4946	12
5064	12
5166	12
5278	12
5311	12
5493	12
5505	12
5602	12
5796	12
5806	12
5909	12
6023	12
6154	12
6262	12
6339	12
6467	12
6544	12
6668	12
6748	12
6849	12
7000	12
7055	12
7182	12
7236	12
7319	12
7479	12
7584	12
7673	12
7740	12
7832	12
7980	12
8024	12
8153	12
8221	12
8347	12
8403	12
8522	12
8697	12
8701	12
8852	12
8959	12
9085	12
9128	12
9271	12
9387	12
9490	12
9595	12
9674	12
9704	12
9869	12
9989	12
87	13
113	13
218	13
319	13
486	13
584	13
634	13
722	13
856	13
993	13
1005	13
1107	13
1208	13
1321	13
1431	13
1580	13
1662	13
1749	13
1837	13
1930	13
2053	13
2158	13
2265	13
2383	13
2489	13
2574	13
2638	13
2702	13
2806	13
2935	13
3095	13
3151	13
3229	13
3377	13
3442	13
3570	13
3609	13
3775	13
3892	13
3924	13
4003	13
4127	13
4254	13
4344	13
4439	13
4555	13
4616	13
4740	13
4876	13
4957	13
5066	13
5114	13
5264	13
5346	13
5467	13
5571	13
5623	13
5725	13
5899	13
5926	13
6045	13
6115	13
6268	13
6394	13
6420	13
6543	13
6612	13
6798	13
6804	13
6972	13
7032	13
7110	13
7260	13
7333	13
7447	13
7573	13
7678	13
7800	13
7850	13
7982	13
8096	13
8101	13
8236	13
8363	13
8441	13
8579	13
8688	13
8790	13
8817	13
8928	13
9048	13
9185	13
9259	13
9397	13
9469	13
9552	13
9661	13
9791	13
9811	13
9981	13
91	14
172	14
293	14
380	14
410	14
533	14
651	14
736	14
881	14
913	14
1058	14
1147	14
1220	14
1389	14
1497	14
1578	14
1694	14
1764	14
1869	14
1971	14
2025	14
2160	14
2215	14
2305	14
2482	14
2600	14
2637	14
2774	14
2859	14
2928	14
3018	14
3144	14
3270	14
3309	14
3466	14
3584	14
3630	14
3702	14
3806	14
3926	14
4056	14
4157	14
4239	14
4329	14
4403	14
4521	14
4634	14
4786	14
4819	14
4961	14
5049	14
5131	14
5242	14
5363	14
5441	14
5535	14
5650	14
5738	14
5827	14
5955	14
6079	14
6101	14
6296	14
6311	14
6443	14
6522	14
6640	14
6795	14
6899	14
6948	14
7017	14
7153	14
7267	14
7373	14
7498	14
7576	14
7614	14
7790	14
7892	14
7975	14
8068	14
8162	14
8288	14
8312	14
8423	14
8583	14
8685	14
8765	14
8877	14
8946	14
9087	14
9124	14
9245	14
9307	14
9416	14
9532	14
9604	14
9708	14
9852	14
9954	14
86	15
179	15
206	15
367	15
474	15
511	15
697	15
753	15
848	15
930	15
1007	15
1156	15
1265	15
1333	15
1435	15
1509	15
1614	15
1719	15
1888	15
1931	15
2032	15
2196	15
2264	15
2392	15
2460	15
2517	15
2669	15
2744	15
2871	15
2998	15
3026	15
3124	15
3261	15
3363	15
3458	15
3508	15
3681	15
3713	15
3891	15
3949	15
4083	15
4162	15
4245	15
4310	15
4404	15
4554	15
4694	15
4720	15
4885	15
4942	15
5025	15
5116	15
5255	15
5382	15
5452	15
5557	15
5659	15
5740	15
5893	15
5976	15
6002	15
6103	15
6251	15
6305	15
6450	15
6536	15
6673	15
6727	15
6838	15
6921	15
7084	15
7189	15
7237	15
7399	15
7470	15
7587	15
7695	15
7729	15
7866	15
7977	15
8090	15
8115	15
8246	15
8343	15
8434	15
8547	15
8675	15
8772	15
8801	15
8968	15
9012	15
9118	15
9239	15
9378	15
9441	15
9522	15
9628	15
9780	15
9900	15
9923	15
81	16
170	16
217	16
305	16
473	16
550	16
609	16
755	16
829	16
907	16
1085	16
1127	16
1294	16
1343	16
1436	16
1508	16
1603	16
1756	16
1804	16
1989	16
2054	16
2186	16
2242	16
2365	16
2499	16
2598	16
2660	16
2800	16
2872	16
2987	16
3064	16
3130	16
3225	16
3376	16
3446	16
3567	16
3612	16
3780	16
3875	16
3939	16
4032	16
4141	16
4220	16
4337	16
4474	16
4523	16
4661	16
4792	16
4893	16
4971	16
5052	16
5135	16
5245	16
5359	16
5447	16
5563	16
5606	16
5749	16
5891	16
5962	16
6034	16
6195	16
6216	16
6388	16
6410	16
6566	16
6657	16
6777	16
6828	16
6922	16
7083	16
7158	16
7251	16
7369	16
7424	16
7590	16
7602	16
7721	16
7868	16
7913	16
8026	16
8196	16
8240	16
8338	16
8401	16
8584	16
8614	16
8711	16
8879	16
8997	16
9082	16
9178	16
9253	16
9318	16
9433	16
9544	16
9631	16
9719	16
9815	16
9948	16
79	17
133	17
258	17
374	17
481	17
531	17
617	17
769	17
880	17
983	17
1088	17
1154	17
1253	17
1384	17
1424	17
1548	17
1646	17
1800	17
1885	17
1964	17
2068	17
2198	17
2202	17
2394	17
2452	17
2508	17
2655	17
2761	17
2886	17
2914	17
3032	17
3112	17
3299	17
3339	17
3409	17
3540	17
3690	17
3723	17
3836	17
3907	17
4027	17
4160	17
4234	17
4328	17
4457	17
4550	17
4642	17
4770	17
4892	17
4910	17
5044	17
5143	17
5204	17
5341	17
5465	17
5529	17
5637	17
5722	17
5882	17
5906	17
6018	17
6111	17
6287	17
6349	17
6415	17
6575	17
6695	17
6735	17
6819	17
6997	17
7073	17
7191	17
7216	17
7371	17
7467	17
7563	17
7651	17
7777	17
7859	17
7925	17
8013	17
8126	17
8245	17
8301	17
8438	17
8589	17
8693	17
8778	17
8821	17
8947	17
9020	17
9105	17
9266	17
9372	17
9403	17
9556	17
9696	17
9762	17
9876	17
9930	17
34	18
158	18
233	18
349	18
443	18
512	18
686	18
721	18
855	18
954	18
1008	18
1124	18
1280	18
1303	18
1482	18
1564	18
1619	18
1747	18
1832	18
1926	18
2050	18
2168	18
2292	18
2366	18
2477	18
2575	18
2693	18
2791	18
2840	18
2962	18
3041	18
3183	18
3253	18
3314	18
3490	18
3579	18
3697	18
3715	18
3838	18
3929	18
4044	18
4171	18
4296	18
4400	18
4435	18
4506	18
4605	18
4757	18
4870	18
4930	18
5089	18
5101	18
5294	18
5339	18
5442	18
5531	18
5636	18
5717	18
5861	18
5916	18
6074	18
6125	18
6276	18
6359	18
6413	18
6523	18
6681	18
6751	18
6837	18
6956	18
7052	18
7118	18
7204	18
7322	18
7445	18
7511	18
7628	18
7709	18
7885	18
7946	18
8095	18
8188	18
8284	18
8327	18
8402	18
8569	18
8667	18
8798	18
8873	18
8910	18
9078	18
9148	18
9287	18
9399	18
9465	18
9520	18
9607	18
9772	18
9863	18
9960	18
61	19
183	19
239	19
396	19
500	19
588	19
623	19
734	19
877	19
925	19
1001	19
1193	19
1295	19
1338	19
1472	19
1563	19
1691	19
1702	19
1814	19
1998	19
2019	19
2124	19
2276	19
2311	19
2405	19
2582	19
2668	19
2710	19
2827	19
2951	19
3055	19
3192	19
3247	19
3350	19
3421	19
3578	19
3604	19
3756	19
3813	19
3990	19
4040	19
4108	19
4215	19
4332	19
4466	19
4562	19
4609	19
4733	19
4845	19
4949	19
5071	19
5165	19
5275	19
5389	19
5480	19
5528	19
5669	19
5729	19
5867	19
5999	19
6087	19
6159	19
6257	19
6331	19
6485	19
6552	19
6664	19
6741	19
6844	19
6942	19
7022	19
7136	19
7217	19
7343	19
7453	19
7594	19
7626	19
7760	19
7820	19
7986	19
8037	19
8146	19
8235	19
8370	19
8484	19
8506	19
8674	19
8779	19
8881	19
8918	19
9097	19
9158	19
9230	19
9303	19
9454	19
9516	19
9648	19
9712	19
9873	19
9907	19
78	20
154	20
257	20
302	20
413	20
565	20
615	20
758	20
882	20
947	20
1019	20
1171	20
1260	20
1374	20
1406	20
1588	20
1666	20
1772	20
1801	20
1936	20
2055	20
2176	20
2300	20
2332	20
2425	20
2511	20
2679	20
2786	20
2895	20
2943	20
3056	20
3137	20
3298	20
3373	20
3444	20
3577	20
3640	20
3746	20
3822	20
3903	20
4053	20
4170	20
4275	20
4339	20
4481	20
4551	20
4687	20
4717	20
4828	20
4904	20
5090	20
5194	20
5259	20
5323	20
5434	20
5552	20
5609	20
5742	20
5896	20
5931	20
6068	20
6130	20
6233	20
6384	20
6464	20
6567	20
6616	20
6745	20
6861	20
6910	20
7026	20
7163	20
7289	20
7397	20
7435	20
7507	20
7662	20
7799	20
7827	20
7924	20
8014	20
8112	20
8238	20
8320	20
8469	20
8591	20
8683	20
8750	20
8841	20
8985	20
9049	20
9193	20
9221	20
9308	20
9405	20
9529	20
9692	20
9718	20
9848	20
9980	20
2	21
168	21
245	21
340	21
408	21
592	21
622	21
800	21
874	21
957	21
1080	21
1136	21
1288	21
1310	21
1479	21
1583	21
1671	21
1796	21
1863	21
1942	21
2016	21
2152	21
2244	21
2384	21
2406	21
2537	21
2653	21
2750	21
2839	21
2924	21
3011	21
3172	21
3209	21
3328	21
3449	21
3532	21
3615	21
3705	21
3825	21
3982	21
4034	21
4101	21
4219	21
4338	21
4487	21
4546	21
4643	21
4760	21
4835	21
4966	21
5070	21
5178	21
5230	21
5351	21
5477	21
5504	21
5673	21
5789	21
5858	21
5921	21
6075	21
6127	21
6214	21
6348	21
6465	21
6512	21
6697	21
6717	21
6831	21
6999	21
7085	21
7169	21
7262	21
7326	21
7464	21
7533	21
7655	21
7761	21
7803	21
7941	21
8091	21
8159	21
8294	21
8381	21
8407	21
8554	21
8620	21
8776	21
8856	21
8986	21
9093	21
9123	21
9290	21
9329	21
9413	21
9598	21
9695	21
9767	21
9847	21
9918	21
1	22
160	22
296	22
347	22
439	22
535	22
620	22
749	22
813	22
941	22
1093	22
1174	22
1221	22
1371	22
1440	22
1519	22
1650	22
1716	22
1810	22
1954	22
2095	22
2194	22
2262	22
2353	22
2437	22
2559	22
2634	22
2783	22
2858	22
2970	22
3024	22
3104	22
3277	22
3312	22
3451	22
3590	22
3669	22
3714	22
3802	22
3998	22
4099	22
4184	22
4289	22
4379	22
4425	22
4582	22
4665	22
4745	22
4822	22
4907	22
5073	22
5117	22
5209	22
5372	22
5500	22
5580	22
5691	22
5706	22
5832	22
5981	22
6048	22
6187	22
6218	22
6367	22
6436	22
6529	22
6675	22
6752	22
6897	22
6943	22
7011	22
7168	22
7292	22
7308	22
7430	22
7515	22
7623	22
7731	22
7864	22
7933	22
8057	22
8155	22
8226	22
8388	22
8427	22
8566	22
8628	22
8744	22
8838	22
8956	22
9063	22
9146	22
9261	22
9305	22
9486	22
9542	22
9676	22
9703	22
9878	22
9985	22
15	23
106	23
299	23
381	23
455	23
537	23
664	23
786	23
883	23
995	23
1024	23
1165	23
1248	23
1396	23
1459	23
1501	23
1676	23
1788	23
1803	23
1928	23
2087	23
2132	23
2210	23
2347	23
2480	23
2525	23
2619	23
2752	23
2857	23
2979	23
3098	23
3158	23
3284	23
3367	23
3434	23
3523	23
3605	23
3797	23
3885	23
3956	23
4078	23
4189	23
4222	23
4304	23
4417	23
4540	23
4639	23
4749	23
4812	23
4991	23
5045	23
5160	23
5282	23
5368	23
5430	23
5592	23
5670	23
5721	23
5826	23
5946	23
6009	23
6177	23
6272	23
6327	23
6461	23
6554	23
6608	23
6742	23
6869	23
6933	23
7075	23
7141	23
7250	23
7400	23
7473	23
7566	23
7653	23
7716	23
7807	23
7974	23
8043	23
8113	23
8251	23
8393	23
8429	23
8594	23
8602	23
8736	23
8871	23
8914	23
9031	23
9135	23
9244	23
9311	23
9462	23
9538	23
9618	23
9763	23
9820	23
9990	23
42	24
136	24
235	24
365	24
429	24
504	24
700	24
783	24
887	24
924	24
1020	24
1168	24
1210	24
1354	24
1451	24
1585	24
1626	24
1718	24
1890	24
1944	24
2073	24
2195	24
2219	24
2367	24
2475	24
2591	24
2614	24
2772	24
2861	24
2960	24
3017	24
3121	24
3238	24
3393	24
3415	24
3571	24
3664	24
3799	24
3831	24
3901	24
4016	24
4106	24
4256	24
4330	24
4498	24
4508	24
4641	24
4781	24
4884	24
4963	24
5012	24
5147	24
5211	24
5357	24
5422	24
5540	24
5607	24
5739	24
5853	24
5994	24
6066	24
6186	24
6269	24
6350	24
6427	24
6582	24
6643	24
6728	24
6833	24
6992	24
7025	24
7197	24
7279	24
7358	24
7478	24
7580	24
7645	24
7749	24
7874	24
7996	24
8032	24
8177	24
8289	24
8355	24
8405	24
8588	24
8646	24
8762	24
8803	24
8976	24
9013	24
9159	24
9270	24
9348	24
9452	24
9502	24
9609	24
9737	24
9823	24
9934	24
72	25
161	25
213	25
321	25
493	25
515	25
675	25
787	25
894	25
943	25
1048	25
1137	25
1278	25
1304	25
1496	25
1584	25
1616	25
1795	25
1874	25
1933	25
2098	25
2134	25
2232	25
2318	25
2463	25
2538	25
2639	25
2730	25
2845	25
2902	25
3010	25
3123	25
3212	25
3326	25
3471	25
3554	25
3647	25
3773	25
3900	25
3908	25
4042	25
4177	25
4260	25
4306	25
4414	25
4592	25
4686	25
4751	25
4890	25
4922	25
5027	25
5180	25
5283	25
5328	25
5455	25
5559	25
5629	25
5779	25
5876	25
5969	25
6001	25
6157	25
6203	25
6366	25
6468	25
6565	25
6653	25
6758	25
6888	25
6941	25
7067	25
7117	25
7256	25
7346	25
7499	25
7519	25
7636	25
7797	25
7891	25
7940	25
8070	25
8149	25
8262	25
8331	25
8452	25
8505	25
8682	25
8735	25
8889	25
8924	25
9011	25
9120	25
9207	25
9344	25
9481	25
9550	25
9664	25
9725	25
9885	25
9909	25
73	26
129	26
214	26
320	26
468	26
522	26
659	26
780	26
898	26
996	26
1094	26
1142	26
1293	26
1336	26
1492	26
1567	26
1695	26
1745	26
1865	26
1951	26
2046	26
2182	26
2237	26
2370	26
2401	26
2524	26
2697	26
2716	26
2860	26
2906	26
3057	26
3149	26
3283	26
3332	26
3476	26
3513	26
3627	26
3728	26
3826	26
3954	26
4039	26
4144	26
4272	26
4333	26
4430	26
4525	26
4689	26
4741	26
4899	26
4912	26
5078	26
5156	26
5238	26
5334	26
5490	26
5543	26
5674	26
5766	26
5804	26
5958	26
6050	26
6153	26
6261	26
6386	26
6409	26
6585	26
6669	26
6771	26
6887	26
6977	26
7031	26
7103	26
7252	26
7315	26
7417	26
7510	26
7679	26
7711	26
7862	26
7935	26
8048	26
8108	26
8218	26
8323	26
8419	26
8521	26
8663	26
8800	26
8864	26
8902	26
9047	26
9155	26
9284	26
9375	26
9407	26
9591	26
9605	26
9781	26
9840	26
9988	26
74	27
134	27
212	27
311	27
459	27
506	27
629	27
750	27
886	27
998	27
1013	27
1117	27
1215	27
1378	27
1495	27
1540	27
1672	27
1703	27
1843	27
1922	27
2014	27
2175	27
2260	27
2352	27
2423	27
2548	27
2631	27
2788	27
2864	27
2967	27
3028	27
3196	27
3256	27
3338	27
3407	27
3551	27
3699	27
3742	27
3865	27
3946	27
4001	27
4191	27
4258	27
4321	27
4453	27
4541	27
4680	27
4739	27
4879	27
4918	27
5093	27
5137	27
5247	27
5330	27
5497	27
5582	27
5689	27
5781	27
5805	27
5984	27
6063	27
6170	27
6255	27
6344	27
6419	27
6576	27
6633	27
6732	27
6824	27
6909	27
7004	27
7190	27
7300	27
7385	27
7420	27
7557	27
7635	27
7769	27
7849	27
7994	27
8061	27
8125	27
8268	27
8326	27
8408	27
8527	27
8654	27
8766	27
8845	27
8977	27
9062	27
9171	27
9236	27
9392	27
9402	27
9573	27
9683	27
9787	27
9816	27
9910	27
29	28
162	28
266	28
387	28
402	28
586	28
689	28
797	28
832	28
931	28
1092	28
1200	28
1256	28
1375	28
1418	28
1536	28
1627	28
1778	28
1805	28
1917	28
2048	28
2188	28
2285	28
2310	28
2450	28
2560	28
2608	28
2725	28
2855	28
2949	28
3081	28
3142	28
3233	28
3382	28
3495	28
3547	28
3641	28
3754	28
3883	28
3914	28
4065	28
4196	28
4269	28
4303	28
4434	28
4568	28
4693	28
4706	28
4813	28
4976	28
5099	28
5140	28
5222	28
5345	28
5443	28
5509	28
5639	28
5716	28
5830	28
5935	28
6019	28
6171	28
6259	28
6301	28
6428	28
6546	28
6667	28
6720	28
6884	28
6937	28
7057	28
7194	28
7291	28
7324	28
7411	28
7504	28
7615	28
7774	28
7879	28
7972	28
8023	28
8158	28
8207	28
8364	28
8470	28
8544	28
8626	28
8738	28
8851	28
8963	28
9090	28
9180	28
9252	28
9373	28
9498	28
9512	28
9653	28
9721	28
9877	28
9961	28
99	29
182	29
279	29
362	29
422	29
595	29
680	29
771	29
853	29
961	29
1081	29
1183	29
1259	29
1369	29
1448	29
1555	29
1602	29
1787	29
1875	29
1938	29
2100	29
2119	29
2278	29
2377	29
2447	29
2563	29
2688	29
2703	29
2856	29
2936	29
3086	29
3166	29
3249	29
3313	29
3406	29
3541	29
3610	29
3737	29
3873	29
3944	29
4030	29
4198	29
4214	29
4392	29
4442	29
4539	29
4664	29
4772	29
4854	29
4994	29
5033	29
5125	29
5289	29
5376	29
5416	29
5596	29
5617	29
5705	29
5808	29
5901	29
6029	29
6145	29
6227	29
6370	29
6404	29
6584	29
6634	29
6791	29
6846	29
6985	29
7060	29
7126	29
7240	29
7365	29
7474	29
7531	29
7609	29
7743	29
7811	29
7951	29
8052	29
8128	29
8223	29
8390	29
8415	29
8567	29
8621	29
8718	29
8857	29
8932	29
9024	29
9168	29
9235	29
9320	29
9497	29
9507	29
9693	29
9750	29
9812	29
9958	29
7	30
122	30
201	30
318	30
416	30
559	30
660	30
730	30
900	30
997	30
1070	30
1143	30
1217	30
1350	30
1485	30
1527	30
1608	30
1736	30
1848	30
1952	30
2026	30
2184	30
2274	30
2373	30
2490	30
2541	30
2651	30
2742	30
2881	30
2978	30
3093	30
3171	30
3268	30
3310	30
3477	30
3586	30
3680	30
3762	30
3821	30
3947	30
4004	30
4176	30
4288	30
4391	30
4475	30
4505	30
4696	30
4783	30
4857	30
4915	30
5011	30
5120	30
5219	30
5313	30
5423	30
5503	30
5640	30
5782	30
5895	30
5989	30
6035	30
6165	30
6224	30
6356	30
6446	30
6531	30
6609	30
6744	30
6894	30
6958	30
7039	30
7134	30
7238	30
7366	30
7428	30
7561	30
7699	30
7779	30
7806	30
7949	30
8098	30
8114	30
8272	30
8329	30
8463	30
8587	30
8669	30
8767	30
8853	30
8945	30
9037	30
9154	30
9255	30
9312	30
9464	30
9592	30
9625	30
9732	30
9833	30
9902	30
54	31
124	31
275	31
348	31
485	31
573	31
631	31
768	31
899	31
933	31
1071	31
1190	31
1237	31
1365	31
1498	31
1528	31
1680	31
1717	31
1883	31
1912	31
2029	31
2153	31
2270	31
2309	31
2430	31
2577	31
2636	31
2749	31
2844	31
2920	31
3022	31
3135	31
3214	31
3352	31
3492	31
3574	31
3602	31
3740	31
3843	31
3938	31
4084	31
4115	31
4295	31
4387	31
4491	31
4510	31
4678	31
4716	31
4894	31
4969	31
5100	31
5167	31
5239	31
5396	31
5425	31
5545	31
5641	31
5707	31
5897	31
5903	31
6026	31
6160	31
6234	31
6347	31
6493	31
6550	31
6606	31
6755	31
6808	31
6946	31
7061	31
7132	31
7205	31
7381	31
7401	31
7542	31
7658	31
7719	31
7863	31
7989	31
8018	31
8156	31
8266	31
8379	31
8411	31
8582	31
8676	31
8757	31
8862	31
8927	31
9021	31
9104	31
9251	31
9359	31
9423	31
9572	31
9686	31
9713	31
9888	31
9964	31
30	32
117	32
223	32
353	32
440	32
548	32
612	32
727	32
818	32
986	32
1066	32
1163	32
1204	32
1351	32
1470	32
1593	32
1649	32
1729	32
1847	32
1981	32
2089	32
2150	32
2224	32
2382	32
2495	32
2501	32
2661	32
2757	32
2891	32
2976	32
3080	32
3107	32
3288	32
3319	32
3425	32
3599	32
3634	32
3769	32
3803	32
3972	32
4062	32
4131	32
4244	32
4360	32
4420	32
4584	32
4685	32
4765	32
4852	32
4974	32
5043	32
5146	32
5267	32
5397	32
5413	32
5577	32
5675	32
5792	32
5894	32
5928	32
6055	32
6183	32
6232	32
6373	32
6426	32
6515	32
6637	32
6708	32
6890	32
6968	32
7042	32
7102	32
7296	32
7338	32
7500	32
7545	32
7639	32
7798	32
7871	32
7956	32
8059	32
8141	32
8214	32
8354	32
8458	32
8509	32
8687	32
8721	32
8833	32
8916	32
9036	32
9122	32
9278	32
9310	32
9406	32
9535	32
9679	32
9711	32
9864	32
9905	32
76	33
198	33
290	33
385	33
438	33
587	33
621	33
772	33
801	33
922	33
1057	33
1131	33
1246	33
1366	33
1420	33
1514	33
1697	33
1710	33
1850	33
1982	33
2049	33
2144	33
2284	33
2364	33
2458	33
2547	33
2617	33
2794	33
2862	33
2975	33
3045	33
3199	33
3269	33
3318	33
3489	33
3525	33
3623	33
3729	33
3874	33
3919	33
4096	33
4112	33
4259	33
4365	33
4452	33
4573	33
4671	33
4780	33
4868	33
4905	33
5042	33
5103	33
5226	33
5391	33
5407	33
5570	33
5655	33
5753	33
5813	33
5951	33
6032	33
6116	33
6300	33
6361	33
6402	33
6581	33
6624	33
6786	33
6839	33
6979	33
7030	33
7167	33
7206	33
7311	33
7434	33
7588	33
7643	33
7748	33
7836	33
7904	33
8033	33
8160	33
8215	33
8309	33
8456	33
8537	33
8640	33
8792	33
8883	33
8954	33
9027	33
9163	33
9277	33
9341	33
9408	33
9578	33
9635	33
9728	33
9893	33
9995	33
82	34
163	34
294	34
359	34
430	34
501	34
681	34
748	34
815	34
908	34
1054	34
1160	34
1299	34
1306	34
1464	34
1553	34
1638	34
1762	34
1858	34
1904	34
2074	34
2192	34
2283	34
2334	34
2472	34
2523	34
2625	34
2785	34
2843	34
2913	34
3046	34
3169	34
3300	34
3335	34
3441	34
3556	34
3632	34
3755	34
3888	34
3905	34
4061	34
4120	34
4297	34
4373	34
4468	34
4511	34
4633	34
4795	34
4877	34
4979	34
5050	34
5119	34
5240	34
5366	34
5471	34
5576	34
5610	34
5744	34
5852	34
5996	34
6067	34
6139	34
6298	34
6312	34
6490	34
6580	34
6649	34
6718	34
6845	34
6986	34
7016	34
7175	34
7287	34
7389	34
7426	34
7521	34
7637	34
7793	34
7831	34
7929	34
8078	34
8107	34
8228	34
8314	34
8436	34
8551	34
8665	34
8717	34
8822	34
8991	34
9084	34
9142	34
9247	34
9302	34
9457	34
9527	34
9624	34
9770	34
9809	34
9903	34
25	35
141	35
262	35
344	35
412	35
561	35
602	35
737	35
885	35
964	35
1027	35
1175	35
1296	35
1328	35
1433	35
1532	35
1660	35
1793	35
1879	35
1916	35
2058	35
2145	35
2263	35
2390	35
2409	35
2589	35
2624	35
2770	35
2882	35
2918	35
3014	35
3129	35
3250	35
3354	35
3438	35
3534	35
3643	35
3730	35
3886	35
3991	35
4023	35
4178	35
4255	35
4374	35
4410	35
4571	35
4652	35
4707	35
4803	35
4931	35
5056	35
5168	35
5284	35
5321	35
5495	35
5598	35
5615	35
5772	35
5866	35
5965	35
6022	35
6120	35
6297	35
6304	35
6449	35
6501	35
6687	35
6736	35
6853	35
6951	35
7019	35
7106	35
7299	35
7376	35
7446	35
7513	35
7683	35
7759	35
7900	35
7905	35
8008	35
8157	35
8267	35
8339	35
8435	35
8540	35
8648	35
8773	35
8811	35
8980	35
9069	35
9188	35
9217	35
9342	35
9477	35
9594	35
9681	35
9792	35
9826	35
9947	35
49	36
126	36
236	36
332	36
424	36
513	36
685	36
782	36
869	36
938	36
1004	36
1166	36
1289	36
1323	36
1410	36
1517	36
1647	36
1799	36
1873	36
1984	36
2086	36
2172	36
2298	36
2378	36
2456	36
2554	36
2671	36
2796	36
2811	36
2997	36
3029	36
3188	36
3235	36
3381	36
3403	36
3553	36
3652	36
3795	36
3815	36
3937	36
4058	36
4193	36
4287	36
4327	36
4483	36
4522	36
4602	36
4705	36
4843	36
4948	36
5031	36
5150	36
5257	36
5325	36
5474	36
5555	36
5694	36
5800	36
5820	36
5940	36
6092	36
6179	36
6209	36
6376	36
6459	36
6519	36
6691	36
6716	36
6830	36
6934	36
7090	36
7161	36
7228	36
7312	36
7463	36
7514	36
7621	36
7780	36
7867	36
7962	36
8044	36
8151	36
8270	36
8306	36
8465	36
8501	36
8664	36
8745	36
8839	36
8907	36
9041	36
9177	36
9233	36
9360	36
9418	36
9508	36
9646	36
9742	36
9875	36
9968	36
80	37
199	37
297	37
329	37
407	37
590	37
691	37
702	37
858	37
942	37
1038	37
1134	37
1231	37
1326	37
1444	37
1552	37
1610	37
1763	37
1867	37
1993	37
2039	37
2147	37
2277	37
2350	37
2433	37
2506	37
2623	37
2753	37
2808	37
2981	37
3079	37
3105	37
3222	37
3343	37
3470	37
3518	37
3614	37
3771	37
3835	37
3921	37
4020	37
4137	37
4241	37
4378	37
4465	37
4589	37
4630	37
4764	37
4862	37
4936	37
5054	37
5151	37
5285	37
5319	37
5404	37
5566	37
5698	37
5776	37
5811	37
5974	37
6015	37
6132	37
6273	37
6316	37
6412	37
6592	37
6694	37
6749	37
6848	37
6988	37
7095	37
7146	37
7268	37
7360	37
7456	37
7572	37
7675	37
7701	37
7857	37
7903	37
8100	37
8187	37
8269	37
8359	37
8486	37
8545	37
8609	37
8725	37
8896	37
8983	37
9017	37
9113	37
9228	37
9384	37
9424	37
9582	37
9640	37
9761	37
9855	37
9927	37
57	38
151	38
222	38
339	38
425	38
520	38
653	38
778	38
823	38
903	38
1043	38
1180	38
1224	38
1334	38
1417	38
1513	38
1679	38
1789	38
1852	38
1999	38
2002	38
2154	38
2247	38
2319	38
2473	38
2509	38
2650	38
2735	38
2888	38
2968	38
3069	38
3160	38
3259	38
3349	38
3482	38
3544	38
3694	38
3718	38
3887	38
3911	38
4090	38
4145	38
4261	38
4326	38
4486	38
4595	38
4629	38
4776	38
4883	38
4933	38
5055	38
5112	38
5256	38
5301	38
5462	38
5542	38
5665	38
5730	38
5864	38
5907	38
6070	38
6174	38
6277	38
6372	38
6481	38
6521	38
6684	38
6796	38
6900	38
6927	38
7092	38
7138	38
7263	38
7310	38
7406	38
7548	38
7685	38
7791	38
7846	38
7915	38
8093	38
8105	38
8298	38
8367	38
8466	38
8532	38
8641	38
8771	38
8875	38
8908	38
9028	38
9131	38
9204	38
9316	38
9440	38
9597	38
9637	38
9758	38
9814	38
9936	38
41	39
175	39
276	39
317	39
426	39
546	39
643	39
744	39
807	39
911	39
1022	39
1106	39
1250	39
1363	39
1415	39
1557	39
1628	39
1794	39
1823	39
1901	39
2056	39
2187	39
2216	39
2338	39
2469	39
2552	39
2666	39
2798	39
2879	39
2910	39
3002	39
3161	39
3289	39
3334	39
3447	39
3531	39
3651	39
3785	39
3895	39
3959	39
4014	39
4104	39
4248	39
4349	39
4419	39
4512	39
4672	39
4796	39
4897	39
4978	39
5020	39
5142	39
5221	39
5400	39
5433	39
5573	39
5664	39
5799	39
5860	39
5993	39
6088	39
6182	39
6236	39
6330	39
6480	39
6537	39
6613	39
6762	39
6871	39
6991	39
7081	39
7135	39
7258	39
7355	39
7468	39
7583	39
7692	39
7765	39
7839	39
7932	39
8086	39
8140	39
8290	39
8303	39
8424	39
8518	39
8608	39
8754	39
8867	39
8974	39
9029	39
9125	39
9209	39
9377	39
9453	39
9584	39
9645	39
9705	39
9827	39
9970	39
47	40
184	40
226	40
335	40
454	40
563	40
693	40
718	40
809	40
917	40
1034	40
1122	40
1261	40
1329	40
1500	40
1543	40
1645	40
1725	40
1889	40
1915	40
2038	40
2116	40
2201	40
2339	40
2481	40
2558	40
2630	40
2797	40
2848	40
2919	40
3006	40
3176	40
3287	40
3320	40
3402	40
3521	40
3674	40
3727	40
3877	40
3996	40
4092	40
4114	40
4204	40
4341	40
4413	40
4569	40
4675	40
4799	40
4898	40
4973	40
5060	40
5162	40
5212	40
5331	40
5403	40
5544	40
5671	40
5790	40
5824	40
5905	40
6042	40
6164	40
6283	40
6332	40
6437	40
6594	40
6688	40
6772	40
6886	40
6955	40
7049	40
7179	40
7246	40
7353	40
7433	40
7556	40
7607	40
7767	40
7808	40
7995	40
8028	40
8170	40
8259	40
8365	40
8440	40
8510	40
8691	40
8768	40
8850	40
8966	40
9080	40
9111	40
9282	40
9385	40
9478	40
9536	40
9652	40
9723	40
9851	40
9957	40
53	41
149	41
232	41
397	41
487	41
502	41
669	41
707	41
854	41
926	41
1062	41
1130	41
1284	41
1305	41
1477	41
1599	41
1655	41
1750	41
1812	41
1935	41
2008	41
2183	41
2238	41
2380	41
2491	41
2522	41
2629	41
2733	41
2885	41
2971	41
3020	41
3146	41
3248	41
3345	41
3411	41
3595	41
3670	41
3757	41
3828	41
3904	41
4088	41
4140	41
4247	41
4372	41
4458	41
4527	41
4667	41
4724	41
4818	41
4909	41
5001	41
5121	41
5223	41
5374	41
5466	41
5556	41
5681	41
5731	41
5878	41
5979	41
6090	41
6193	41
6286	41
6306	41
6403	41
6551	41
6614	41
6737	41
6859	41
6913	41
7094	41
7142	41
7243	41
7334	41
7444	41
7541	41
7619	41
7725	41
7865	41
7916	41
8036	41
8164	41
8239	41
8315	41
8496	41
8568	41
8698	41
8752	41
8900	41
8961	41
9075	41
9189	41
9263	41
9376	41
9460	41
9510	41
9673	41
9717	41
9892	41
9982	41
45	42
176	42
254	42
331	42
405	42
532	42
613	42
724	42
863	42
921	42
1029	42
1110	42
1241	42
1359	42
1402	42
1596	42
1692	42
1711	42
1864	42
1967	42
2033	42
2135	42
2223	42
2368	42
2407	42
2556	42
2603	42
2743	42
2815	42
2925	42
3042	42
3106	42
3278	42
3386	42
3481	42
3589	42
3601	42
3752	42
3817	42
3958	42
4050	42
4200	42
4251	42
4382	42
4416	42
4590	42
4649	42
4775	42
4846	42
4939	42
5018	42
5104	42
5208	42
5394	42
5487	42
5597	42
5620	42
5755	42
5836	42
5960	42
6065	42
6122	42
6237	42
6357	42
6430	42
6569	42
6648	42
6712	42
6870	42
6938	42
7028	42
7172	42
7271	42
7388	42
7477	42
7509	42
7640	42
7785	42
7883	42
7934	42
8084	42
8166	42
8244	42
8361	42
8474	42
8595	42
8680	42
8793	42
8826	42
8979	42
9099	42
9127	42
9219	42
9314	42
9447	42
9562	42
9691	42
9798	42
9853	42
9973	42
43	43
185	43
209	43
327	43
403	43
551	43
656	43
765	43
888	43
950	43
1031	43
1181	43
1266	43
1361	43
1473	43
1521	43
1664	43
1753	43
1813	43
1977	43
2096	43
2148	43
2254	43
2399	43
2419	43
2567	43
2686	43
2780	43
2878	43
2974	43
3016	43
3145	43
3205	43
3390	43
3457	43
3542	43
3675	43
3735	43
3837	43
3995	43
4018	43
4111	43
4217	43
4359	43
4407	43
4549	43
4662	43
4722	43
4815	43
4997	43
5036	43
5191	43
5252	43
5312	43
5424	43
5583	43
5628	43
5769	43
5814	43
5925	43
6010	43
6192	43
6208	43
6320	43
6479	43
6534	43
6670	43
6738	43
6882	43
6944	43
7098	43
7147	43
7233	43
7363	43
7439	43
7529	43
7630	43
7768	43
7889	43
7987	43
8040	43
8106	43
8202	43
8384	43
8460	43
8504	43
8655	43
8741	43
8876	43
8901	43
9072	43
9126	43
9300	43
9323	43
9493	43
9558	43
9694	43
9771	43
9846	43
9932	43
48	44
125	44
269	44
308	44
492	44
527	44
633	44
746	44
843	44
935	44
1042	44
1118	44
1206	44
1368	44
1413	44
1549	44
1682	44
1765	44
1802	44
1940	44
2010	44
2167	44
2252	44
2314	44
2428	44
2566	44
2620	44
2734	44
2898	44
2909	44
3085	44
3139	44
3236	44
3362	44
3472	44
3564	44
3607	44
3758	44
3850	44
3957	44
4097	44
4188	44
4232	44
4301	44
4437	44
4561	44
4653	44
4771	44
4880	44
4960	44
5075	44
5200	44
5205	44
5356	44
5470	44
5515	44
5693	44
5751	44
5886	44
5983	44
6047	44
6112	44
6211	44
6395	44
6476	44
6591	44
6644	44
6759	44
6854	44
6924	44
7079	44
7177	44
7281	44
7303	44
7422	44
7523	44
7690	44
7794	44
7841	44
7921	44
8017	44
8131	44
8219	44
8378	44
8489	44
8574	44
8629	44
8799	44
8816	44
8984	44
9026	44
9145	44
9238	44
9363	44
9455	44
9530	44
9687	44
9773	44
9896	44
9904	44
9	45
120	45
216	45
314	45
432	45
562	45
607	45
793	45
897	45
939	45
1003	45
1169	45
1263	45
1335	45
1499	45
1594	45
1683	45
1774	45
1828	45
1966	45
2082	45
2164	45
2291	45
2343	45
2429	45
2573	45
2601	45
2768	45
2846	45
2904	45
3060	45
3200	45
3223	45
3305	45
3440	45
3587	45
3676	45
3731	45
3834	45
3977	45
4079	45
4150	45
4253	45
4317	45
4456	45
4552	45
4608	45
4759	45
4861	45
4906	45
5038	45
5127	45
5251	45
5371	45
5415	45
5586	45
5613	45
5711	45
5841	45
5937	45
6098	45
6124	45
6289	45
6380	45
6472	45
6588	45
6636	45
6784	45
6858	45
6949	45
7018	45
7133	45
7245	45
7321	45
7419	45
7570	45
7681	45
7747	45
7822	45
7990	45
8025	45
8102	45
8255	45
8348	45
8485	45
8512	45
8678	45
8742	45
8892	45
8995	45
9010	45
9196	45
9226	45
9354	45
9430	45
9575	45
9667	45
9765	45
9857	45
9944	45
64	46
181	46
229	46
310	46
496	46
538	46
695	46
708	46
875	46
951	46
1097	46
1105	46
1218	46
1302	46
1404	46
1539	46
1684	46
1724	46
1861	46
1994	46
2042	46
2190	46
2266	46
2320	46
2500	46
2534	46
2680	46
2726	46
2825	46
2940	46
3048	46
3101	46
3255	46
3303	46
3430	46
3568	46
3613	46
3747	46
3849	46
3979	46
4036	46
4119	46
4237	46
4363	46
4493	46
4586	46
4628	46
4753	46
4874	46
4998	46
5041	46
5176	46
5265	46
5352	46
5450	46
5514	46
5635	46
5757	46
5871	46
5954	46
6011	46
6117	46
6223	46
6378	46
6469	46
6587	46
6656	46
6733	46
6812	46
6973	46
7046	46
7160	46
7222	46
7307	46
7432	46
7582	46
7689	46
7727	46
7844	46
7967	46
8085	46
8172	46
8206	46
8383	46
8409	46
8516	46
8658	46
8777	46
8891	46
8992	46
9059	46
9170	46
9231	46
9362	46
9488	46
9599	46
9615	46
9745	46
9821	46
9943	46
68	47
191	47
281	47
363	47
452	47
566	47
654	47
762	47
846	47
940	47
1039	47
1187	47
1223	47
1330	47
1471	47
1535	47
1653	47
1737	47
1900	47
1914	47
2092	47
2169	47
2208	47
2376	47
2494	47
2504	47
2689	47
2722	47
2847	47
2955	47
3074	47
3156	47
3203	47
3361	47
3498	47
3575	47
3645	47
3721	47
3867	47
3933	47
4002	47
4136	47
4242	47
4380	47
4427	47
4531	47
4613	47
4744	47
4832	47
4911	47
5016	47
5190	47
5234	47
5384	47
5458	47
5518	47
5626	47
5795	47
5859	47
5988	47
6051	47
6129	47
6207	47
6310	47
6460	47
6583	47
6620	47
6799	47
6806	47
6970	47
7082	47
7124	47
7201	47
7357	47
7425	47
7577	47
7686	47
7764	47
7896	47
7948	47
8097	47
8109	47
8265	47
8328	47
8473	47
8578	47
8617	47
8719	47
8805	47
8972	47
9050	47
9112	47
9285	47
9338	47
9415	47
9579	47
9649	47
9741	47
9843	47
9993	47
66	48
144	48
283	48
395	48
484	48
525	48
628	48
773	48
859	48
967	48
1098	48
1121	48
1201	48
1312	48
1443	48
1579	48
1620	48
1757	48
1871	48
1903	48
2004	48
2102	48
2233	48
2374	48
2413	48
2596	48
2663	48
2777	48
2849	48
2932	48
3061	48
3153	48
3254	48
3327	48
3491	48
3526	48
3660	48
3722	48
3829	48
3948	48
4072	48
4197	48
4290	48
4356	48
4405	48
4585	48
4668	48
4800	48
4811	48
4917	48
5015	48
5193	48
5269	48
5314	48
5431	48
5562	48
5651	48
5747	48
5881	48
5930	48
6086	48
6134	48
6278	48
6382	48
6407	48
6564	48
6646	48
6706	48
6818	48
6965	48
7038	48
7188	48
7255	48
7337	48
7441	48
7535	48
7680	48
7775	48
7810	48
7950	48
8039	48
8194	48
8216	48
8340	48
8487	48
8592	48
8623	48
8709	48
8858	48
8970	48
9042	48
9136	48
9276	48
9345	48
9489	48
9524	48
9619	48
9752	48
9808	48
9999	48
93	49
101	49
267	49
384	49
431	49
553	49
687	49
720	49
868	49
971	49
1095	49
1176	49
1225	49
1355	49
1465	49
1586	49
1685	49
1781	49
1827	49
1913	49
2097	49
2157	49
2236	49
2326	49
2439	49
2594	49
2646	49
2715	49
2850	49
2959	49
3047	49
3108	49
3258	49
3304	49
3473	49
3580	49
3637	49
3778	49
3814	49
4000	49
4012	49
4175	49
4279	49
4396	49
4472	49
4577	49
4666	49
4774	49
4889	49
4935	49
5063	49
5110	49
5290	49
5369	49
5421	49
5530	49
5692	49
5756	49
5818	49
5948	49
6003	49
6133	49
6288	49
6351	49
6445	49
6560	49
6628	49
6709	49
6811	49
6962	49
7054	49
7107	49
7241	49
7382	49
7452	49
7506	49
7634	49
7770	49
7805	49
7902	49
8016	49
8198	49
8243	49
8349	49
8464	49
8538	49
8642	49
8761	49
8844	49
8940	49
9032	49
9199	49
9291	49
9319	49
9417	49
9523	49
9622	49
9724	49
9883	49
9929	49
8	50
200	50
246	50
382	50
417	50
591	50
658	50
764	50
820	50
989	50
1012	50
1141	50
1230	50
1372	50
1447	50
1503	50
1673	50
1766	50
1855	50
1962	50
2078	50
2129	50
2251	50
2385	50
2415	50
2590	50
2699	50
2760	50
2809	50
2901	50
3005	50
3111	50
3243	50
3331	50
3479	50
3576	50
3657	50
3767	50
3881	50
3984	50
4037	50
4152	50
4294	50
4313	50
4495	50
4548	50
4621	50
4726	50
4886	50
4924	50
5039	50
5192	50
5254	50
5310	50
5418	50
5593	50
5627	50
5763	50
5842	50
5922	50
6028	50
6156	50
6244	50
6397	50
6483	50
6577	50
6602	50
6775	50
6868	50
6914	50
7080	50
7116	50
7288	50
7340	50
7496	50
7536	50
7687	50
7707	50
7838	50
7959	50
8045	50
8132	50
8204	50
8319	50
8425	50
8523	50
8671	50
8769	50
8806	50
8965	50
9061	50
9153	50
9250	50
9370	50
9474	50
9534	50
9698	50
9733	50
9849	50
9935	50
83	51
147	51
243	51
316	51
434	51
539	51
606	51
742	51
811	51
958	51
1030	51
1186	51
1219	51
1387	51
1460	51
1546	51
1621	51
1784	51
1820	51
1949	51
2094	51
2104	51
2241	51
2335	51
2492	51
2505	51
2667	51
2775	51
2890	51
2969	51
3082	51
3152	51
3281	51
3370	51
3456	51
3510	51
3700	51
3750	51
3823	51
3922	51
4068	51
4199	51
4285	51
4377	51
4438	51
4591	51
4607	51
4737	51
4824	51
4965	51
5051	51
5148	51
5279	51
5332	51
5457	51
5526	51
5645	51
5733	51
5889	51
5927	51
6013	51
6144	51
6228	51
6336	51
6408	51
6503	51
6629	51
6715	51
6825	51
6993	51
7002	51
7173	51
7253	51
7354	51
7497	51
7517	51
7676	51
7714	51
7818	51
7998	51
8080	51
8161	51
8264	51
8396	51
8471	51
8531	51
8672	51
8774	51
8878	51
8955	51
9066	51
9109	51
9288	51
9301	51
9412	51
9540	51
9663	51
9759	51
9895	51
9962	51
89	52
143	52
227	52
369	52
457	52
571	52
608	52
792	52
867	52
960	52
1064	52
1126	52
1202	52
1307	52
1414	52
1598	52
1678	52
1734	52
1809	52
1920	52
2072	52
2173	52
2228	52
2321	52
2440	52
2535	52
2605	52
2741	52
2884	52
2911	52
3091	52
3122	52
3215	52
3325	52
3496	52
3561	52
3654	52
3800	52
3830	52
3966	52
4010	52
4123	52
4299	52
4368	52
4470	52
4533	52
4697	52
4782	52
4850	52
4953	52
5065	52
5188	52
5218	52
5348	52
5446	52
5574	52
5632	52
5780	52
5875	52
5995	52
6062	52
6119	52
6263	52
6317	52
6458	52
6539	52
6642	52
6701	52
6881	52
6903	52
7037	52
7176	52
7249	52
7344	52
7429	52
7593	52
7652	52
7724	52
7890	52
7979	52
8012	52
8138	52
8287	52
8336	52
8455	52
8556	52
8631	52
8794	52
8885	52
8904	52
9083	52
9186	52
9213	52
9347	52
9451	52
9506	52
9677	52
9716	52
9845	52
9959	52
27	53
121	53
250	53
352	53
462	53
564	53
670	53
796	53
804	53
916	53
1006	53
1172	53
1274	53
1360	53
1475	53
1518	53
1601	53
1730	53
1833	53
1997	53
2024	53
2126	53
2245	53
2361	53
2414	53
2539	53
2665	53
2713	53
2893	53
2957	53
3100	53
3185	53
3241	53
3388	53
3419	53
3559	53
3671	53
3790	53
3848	53
3978	53
4015	53
4110	53
4235	53
4302	53
4428	53
4579	53
4654	53
4708	53
4858	53
4999	53
5091	53
5155	53
5287	53
5392	53
5411	53
5589	53
5686	53
5732	53
5809	53
5949	53
6083	53
6146	53
6247	53
6363	53
6417	53
6573	53
6676	53
6731	53
6842	53
6982	53
7012	53
7143	53
7277	53
7380	53
7469	53
7505	53
7694	53
7737	53
7840	53
7938	53
8066	53
8120	53
8281	53
8322	53
8495	53
8536	53
8634	53
8707	53
8868	53
8998	53
9044	53
9151	53
9203	53
9356	53
9429	53
9567	53
9623	53
9784	53
9825	53
9953	53
69	54
166	54
286	54
399	54
490	54
518	54
614	54
741	54
810	54
965	54
1045	54
1173	54
1232	54
1309	54
1462	54
1559	54
1604	54
1752	54
1817	54
1907	54
2037	54
2178	54
2282	54
2375	54
2455	54
2550	54
2683	54
2706	54
2868	54
2946	54
3087	54
3180	54
3263	54
3397	54
3488	54
3536	54
3693	54
3792	54
3824	54
3964	54
4029	54
4126	54
4300	54
4305	54
4448	54
4572	54
4620	54
4742	54
4844	54
4925	54
5096	54
5170	54
5276	54
5353	54
5401	54
5508	54
5612	54
5754	54
5834	54
5971	54
6081	54
6140	54
6239	54
6338	54
6491	54
6556	54
6674	54
6794	54
6813	54
6902	54
7033	54
7198	54
7221	54
7395	54
7460	54
7528	54
7661	54
7789	54
7858	54
7984	54
8049	54
8143	54
8247	54
8385	54
8431	54
8511	54
8651	54
8716	54
8830	54
8935	54
9057	54
9179	54
9223	54
9315	54
9419	54
9503	54
9627	54
9777	54
9822	54
9967	54
75	55
114	55
240	55
392	55
456	55
552	55
696	55
712	55
850	55
906	55
1061	55
1103	55
1254	55
1301	55
1425	55
1510	55
1689	55
1768	55
1842	55
1991	55
2027	55
2130	55
2258	55
2316	55
2426	55
2581	55
2682	55
2705	55
2819	55
2933	55
3077	55
3193	55
3218	55
3359	55
3423	55
3600	55
3635	55
3738	55
3871	55
3932	55
4046	55
4165	55
4213	55
4331	55
4415	55
4545	55
4688	55
4797	55
4860	55
4962	55
5094	55
5124	55
5237	55
5320	55
5409	55
5522	55
5676	55
5787	55
5880	55
5911	55
6072	55
6151	55
6217	55
6329	55
6453	55
6563	55
6679	55
6773	55
6836	55
6998	55
7069	55
7128	55
7248	55
7304	55
7485	55
7502	55
7657	55
7755	55
7895	55
7970	55
8021	55
8190	55
8249	55
8308	55
8478	55
8541	55
8644	55
8783	55
8884	55
8964	55
9086	55
9134	55
9243	55
9367	55
9499	55
9539	55
9647	55
9707	55
9874	55
9966	55
39	56
169	56
210	56
333	56
442	56
596	56
672	56
719	56
822	56
979	56
1089	56
1162	56
1285	56
1381	56
1456	56
1561	56
1644	56
1706	56
1838	56
1908	56
2070	56
2123	56
2248	56
2346	56
2471	56
2515	56
2635	56
2720	56
2894	56
2947	56
3003	56
3195	56
3267	56
3330	56
3464	56
3560	56
3653	56
3787	56
3876	56
3973	56
4082	56
4125	56
4265	56
4354	56
4451	56
4501	56
4636	56
4784	56
4859	56
4926	56
5074	56
5111	56
5291	56
5358	56
5427	56
5537	56
5631	56
5775	56
5807	56
5990	56
6080	56
6102	56
6240	56
6334	56
6416	56
6568	56
6641	56
6750	56
6857	56
6932	56
7066	56
7109	56
7212	56
7352	56
7493	56
7599	56
7604	56
7763	56
7813	56
8000	56
8092	56
8118	56
8205	56
8345	56
8417	56
8555	56
8677	56
8788	56
8824	56
8978	56
9043	56
9121	56
9286	56
9398	56
9483	56
9528	56
9629	56
9714	56
9897	56
9949	56
62	57
153	57
270	57
373	57
418	57
560	57
645	57
747	57
835	57
987	57
1010	57
1155	57
1203	57
1391	57
1486	57
1597	57
1677	57
1728	57
1884	57
1975	57
2001	57
2143	57
2296	57
2337	57
2485	57
2588	57
2604	57
2790	57
2836	57
2965	57
3076	57
3133	57
3219	57
3399	57
3439	57
3505	57
3666	57
3761	57
3854	57
3968	57
4069	57
4151	57
4229	57
4324	57
4479	57
4557	57
4658	57
4734	57
4823	57
4940	57
5081	57
5164	57
5216	57
5398	57
5456	57
5549	57
5621	57
5720	57
5838	57
5959	57
6078	57
6141	57
6206	57
6400	57
6489	57
6572	57
6617	57
6730	57
6827	57
6963	57
7009	57
7144	57
7283	57
7331	57
7415	57
7532	57
7648	57
7702	57
7814	57
7907	57
8050	57
8192	57
8225	57
8311	57
8493	57
8526	57
8694	57
8782	57
8895	57
8952	57
9071	57
9108	57
9242	57
9374	57
9467	57
9546	57
9612	57
9722	57
9880	57
9913	57
32	58
110	58
289	58
391	58
419	58
600	58
662	58
784	58
852	58
969	58
1087	58
1194	58
1205	58
1337	58
1458	58
1531	58
1636	58
1712	58
1893	58
1945	58
2034	58
2122	58
2225	58
2302	58
2453	58
2540	58
2644	58
2727	58
2828	58
2907	58
3070	58
3148	58
3220	58
3398	58
3478	58
3533	58
3686	58
3749	58
3890	58
3918	58
4081	58
4142	58
4273	58
4395	58
4441	58
4503	58
4657	58
4701	58
4864	58
4968	58
5030	58
5179	58
5266	58
5347	58
5482	58
5560	58
5611	58
5797	58
5821	58
5961	58
6043	58
6180	58
6215	58
6396	58
6438	58
6513	58
6651	58
6754	58
6872	58
6906	58
7071	58
7150	58
7224	58
7329	58
7416	58
7567	58
7688	58
7783	58
7876	58
7909	58
8077	58
8185	58
8208	58
8317	58
8499	58
8535	58
8639	58
8775	58
8823	58
8926	58
9074	58
9165	58
9292	58
9304	58
9414	58
9563	58
9655	58
9756	58
9859	58
9946	58
51	59
150	59
247	59
366	59
498	59
580	59
661	59
729	59
824	59
937	59
1033	59
1120	59
1268	59
1317	59
1428	59
1502	59
1669	59
1731	59
1822	59
1905	59
2067	59
2118	59
2240	59
2315	59
2427	59
2513	59
2695	59
2781	59
2876	59
2983	59
3063	59
3154	59
3275	59
3400	59
3453	59
3557	59
3696	59
3708	59
3816	59
3941	59
4009	59
4194	59
4271	59
4388	59
4426	59
4507	59
4604	59
4758	59
4887	59
4956	59
5092	59
5177	59
5248	59
5335	59
5449	59
5536	59
5697	59
5734	59
5855	59
5932	59
6099	59
6185	59
6243	59
6321	59
6474	59
6589	59
6638	59
6719	59
6814	59
6960	59
7003	59
7112	59
7225	59
7370	59
7423	59
7559	59
7611	59
7762	59
7873	59
7901	59
8079	59
8193	59
8278	59
8386	59
8491	59
8552	59
8610	59
8739	59
8842	59
8944	59
9030	59
9172	59
9264	59
9306	59
9482	59
9590	59
9684	59
9746	59
9865	59
9945	59
12	60
165	60
253	60
393	60
470	60
585	60
678	60
767	60
871	60
955	60
1017	60
1164	60
1287	60
1325	60
1426	60
1576	60
1607	60
1783	60
1830	60
1986	60
2081	60
2177	60
2222	60
2345	60
2411	60
2569	60
2692	60
2714	60
2863	60
2942	60
3009	60
3141	60
3231	60
3379	60
3404	60
3566	60
3633	60
3736	60
3827	60
3916	60
4005	60
4139	60
4262	60
4398	60
4454	60
4544	60
4684	60
4750	60
4802	60
4951	60
5047	60
5199	60
5280	60
5390	60
5408	60
5534	60
5624	60
5719	60
5829	60
5943	60
6038	60
6113	60
6258	60
6323	60
6473	60
6548	60
6635	60
6774	60
6821	60
6928	60
7091	60
7140	60
7203	60
7394	60
7488	60
7560	60
7659	60
7752	60
7861	60
7920	60
8046	60
8200	60
8295	60
8356	60
8472	60
8596	60
8606	60
8732	60
8810	60
8949	60
9015	60
9157	60
9275	60
9389	60
9468	60
9501	60
9682	60
9797	60
9818	60
9937	60
97	61
195	61
292	61
341	61
427	61
516	61
639	61
706	61
865	61
948	61
1090	61
1158	61
1238	61
1347	61
1466	61
1569	61
1625	61
1775	61
1876	61
1946	61
2015	61
2185	61
2299	61
2344	61
2422	61
2514	61
2626	61
2736	61
2851	61
2953	61
3054	61
3118	61
3210	61
3311	61
3417	61
3582	61
3642	61
3779	61
3884	61
3952	61
4087	61
4135	61
4233	61
4340	61
4461	61
4567	61
4659	61
4723	61
4891	61
4972	61
5019	61
5102	61
5243	61
5388	61
5483	61
5512	61
5649	61
5724	61
5845	61
5978	61
6077	61
6121	61
6220	61
6368	61
6405	61
6570	61
6680	61
6763	61
6834	61
6989	61
7064	61
7108	61
7229	61
7330	61
7437	61
7571	61
7631	61
7773	61
7886	61
7955	61
8062	61
8103	61
8256	61
8350	61
8428	61
8513	61
8660	61
8781	61
8898	61
8996	61
9007	61
9101	61
9293	61
9309	61
9404	61
9574	61
9657	61
9800	61
9832	61
9994	61
94	62
107	62
251	62
398	62
433	62
543	62
646	62
739	62
805	62
902	62
1079	62
1161	62
1300	62
1399	62
1449	62
1562	62
1637	62
1785	62
1887	62
1972	62
2023	62
2141	62
2217	62
2308	62
2431	62
2528	62
2632	62
2701	62
2854	62
2963	62
3034	62
3127	62
3297	62
3380	62
3410	62
3516	62
3678	62
3753	62
3842	62
3909	62
4055	62
4192	62
4291	62
4345	62
4484	62
4564	62
4656	62
4721	62
4882	62
4938	62
5068	62
5186	62
5250	62
5315	62
5496	62
5513	62
5618	62
5726	62
5883	62
5970	62
6073	62
6167	62
6219	62
6377	62
6488	62
6547	62
6622	62
6704	62
6803	62
6975	62
7058	62
7111	62
7269	62
7335	62
7412	62
7589	62
7624	62
7771	62
7881	62
7930	62
8074	62
8148	62
8257	62
8344	62
8420	62
8565	62
8666	62
8795	62
8814	62
8960	62
9006	62
9152	62
9229	62
9325	62
9476	62
9559	62
9636	62
9793	62
9890	62
9940	62
19	63
111	63
255	63
361	63
477	63
578	63
636	63
714	63
833	63
991	63
1060	63
1197	63
1227	63
1316	63
1442	63
1534	63
1643	63
1740	63
1824	63
1909	63
2064	63
2101	63
2203	63
2328	63
2432	63
2576	63
2606	63
2756	63
2874	63
2972	63
3099	63
3194	63
3246	63
3368	63
3418	63
3583	63
3673	63
3720	63
3880	63
3967	63
4035	63
4195	63
4270	63
4381	63
4482	63
4559	63
4648	63
4798	63
4851	63
4958	63
5069	63
5145	63
5225	63
5385	63
5489	63
5565	63
5700	63
5752	63
5884	63
5902	63
6044	63
6166	63
6253	63
6362	63
6447	63
6504	63
6696	63
6787	63
6822	63
6912	63
7063	63
7186	63
7208	63
7305	63
7431	63
7539	63
7610	63
7741	63
7823	63
7926	63
8088	63
8175	63
8271	63
8321	63
8457	63
8507	63
8630	63
8729	63
8849	63
8993	63
9054	63
9117	63
9237	63
9390	63
9492	63
9513	63
9650	63
9715	63
9879	63
9938	63
59	64
112	64
211	64
322	64
499	64
556	64
601	64
743	64
847	64
988	64
1015	64
1182	64
1291	64
1331	64
1474	64
1581	64
1623	64
1779	64
1840	64
1980	64
2084	64
2107	64
2255	64
2386	64
2457	64
2578	64
2700	64
2769	64
2873	64
2917	64
3075	64
3128	64
3242	64
3395	64
3429	64
3504	64
3619	64
3724	64
3820	64
3910	64
4066	64
4116	64
4221	64
4350	64
4496	64
4563	64
4690	64
4703	64
4872	64
4937	64
5009	64
5154	64
5213	64
5362	64
5498	64
5567	64
5668	64
5748	64
5802	64
5953	64
6076	64
6105	64
6260	64
6392	64
6414	64
6541	64
6639	64
6770	64
6893	64
6925	64
7077	64
7187	64
7227	64
7306	64
7418	64
7534	64
7632	64
7726	64
7833	64
7908	64
8058	64
8197	64
8252	64
8371	64
8494	64
8530	64
8635	64
8764	64
8836	64
8938	64
9051	64
9149	64
9246	64
9365	64
9445	64
9585	64
9644	64
9789	64
9861	64
9983	64
58	65
128	65
273	65
372	65
420	65
541	65
682	65
775	65
830	65
974	65
1051	65
1167	65
1209	65
1344	65
1422	65
1550	65
1629	65
1780	65
1853	65
1937	65
2031	65
2197	65
2235	65
2349	65
2478	65
2586	65
2647	65
2704	65
2865	65
2952	65
3023	65
3157	65
3201	65
3387	65
3424	65
3515	65
3638	65
3759	65
3840	65
3985	65
4048	65
4146	65
4266	65
4311	65
4490	65
4517	65
4676	65
4712	65
4833	65
4914	65
5061	65
5183	65
5227	65
5342	65
5439	65
5521	65
5688	65
5713	65
5803	65
5936	65
6016	65
6169	65
6202	65
6398	65
6432	65
6555	65
6689	65
6707	65
6862	65
6926	65
7034	65
7145	65
7254	65
7364	65
7491	65
7579	65
7605	65
7792	65
7870	65
7943	65
8010	65
8184	65
8277	65
8360	65
8481	65
8571	65
8618	65
8763	65
8899	65
8994	65
9096	65
9119	65
9225	65
9393	65
9456	65
9600	65
9606	65
9795	65
9868	65
9908	65
21	66
155	66
291	66
371	66
428	66
597	66
637	66
752	66
860	66
978	66
1083	66
1108	66
1234	66
1394	66
1476	66
1587	66
1615	66
1726	66
1844	66
1950	66
2040	66
2149	66
2281	66
2389	66
2465	66
2527	66
2672	66
2738	66
2892	66
2954	66
3019	66
3143	66
3206	66
3384	66
3422	66
3502	66
3618	66
3741	66
3870	66
3917	66
4093	66
4147	66
4231	66
4346	66
4445	66
4558	66
4682	66
4763	66
4801	66
4985	66
5077	66
5123	66
5229	66
5305	66
5468	66
5599	66
5680	66
5798	66
5851	66
5957	66
6069	66
6162	66
6213	66
6379	66
6456	66
6524	66
6603	66
6714	66
6866	66
6939	66
7074	66
7148	66
7295	66
7342	66
7475	66
7530	66
7625	66
7753	66
7888	66
7964	66
8035	66
8133	66
8220	66
8316	66
8432	66
8561	66
8659	66
8704	66
8807	66
8911	66
9100	66
9167	66
9296	66
9336	66
9473	66
9586	66
9690	66
9709	66
9810	66
9912	66
13	67
171	67
288	67
328	67
491	67
575	67
647	67
777	67
889	67
936	67
1078	67
1115	67
1244	67
1342	67
1455	67
1541	67
1698	67
1758	67
1825	67
1906	67
2060	67
2170	67
2268	67
2357	67
2479	67
2520	67
2654	67
2751	67
2821	67
3000	67
3066	67
3131	67
3245	67
3353	67
3435	67
3501	67
3685	67
3774	67
3899	67
3981	67
4063	67
4183	67
4276	67
4322	67
4464	67
4518	67
4627	67
4704	67
4805	67
4916	67
5082	67
5129	67
5233	67
5350	67
5486	67
5507	67
5690	67
5767	67
5823	67
5973	67
6056	67
6148	67
6295	67
6324	67
6496	67
6508	67
6692	67
6734	67
6802	67
6930	67
7010	67
7114	67
7232	67
7393	67
7438	67
7537	67
7617	67
7712	67
7887	67
7919	67
8069	67
8180	67
8209	67
8394	67
8439	67
8559	67
8661	67
8746	67
8872	67
8943	67
9040	67
9103	67
9262	67
9352	67
9426	67
9565	67
9611	67
9749	67
9884	67
9997	67
10	68
105	68
277	68
350	68
445	68
523	68
674	68
703	68
864	68
901	68
1067	68
1199	68
1251	68
1400	68
1430	68
1570	68
1641	68
1733	68
1821	68
1960	68
2047	68
2155	68
2249	68
2371	68
2459	68
2536	68
2609	68
2782	68
2817	68
2956	68
3031	68
3162	68
3291	68
3342	68
3493	68
3565	68
3684	68
3776	68
3869	68
3912	68
4038	68
4190	68
4268	68
4358	68
4443	68
4581	68
4698	68
4715	68
4866	68
4944	68
5057	68
5161	68
5232	68
5395	68
5479	68
5502	68
5616	68
5708	68
5846	68
5920	68
6094	68
6135	68
6229	68
6325	68
6439	68
6511	68
6685	68
6783	68
6826	68
6954	68
7040	68
7113	68
7234	68
7387	68
7472	68
7592	68
7627	68
7786	68
7824	68
7937	68
8053	68
8163	68
8273	68
8352	68
8406	68
8575	68
8607	68
8789	68
8804	68
8948	68
9018	68
9114	68
9297	68
9380	68
9428	68
9596	68
9678	68
9788	68
9819	68
9922	68
88	69
115	69
203	69
358	69
451	69
569	69
652	69
759	69
884	69
949	69
1044	69
1146	69
1281	69
1319	69
1468	69
1591	69
1634	69
1722	69
1898	69
1973	69
2011	69
2136	69
2226	69
2330	69
2417	69
2543	69
2633	69
2745	69
2837	69
2985	69
3008	69
3164	69
3290	69
3321	69
3480	69
3538	69
3648	69
3704	69
3841	69
3928	69
4070	69
4161	69
4292	69
4347	69
4499	69
4597	69
4631	69
4732	69
4816	69
4996	69
5076	69
5109	69
5202	69
5360	69
5454	69
5520	69
5695	69
5793	69
5879	69
5950	69
6007	69
6172	69
6212	69
6383	69
6482	69
6506	69
6605	69
6756	69
6877	69
6929	69
7013	69
7101	69
7257	69
7362	69
7455	69
7575	69
7642	69
7723	69
7835	69
7963	69
8089	69
8178	69
8224	69
8387	69
8467	69
8586	69
8700	69
8753	69
8874	69
8939	69
9014	69
9194	69
9218	69
9340	69
9427	69
9525	69
9610	69
9766	69
9871	69
9965	69
6	70
187	70
261	70
364	70
409	70
568	70
690	70
770	70
825	70
923	70
1053	70
1144	70
1283	70
1313	70
1494	70
1556	70
1675	70
1727	70
1816	70
1957	70
2022	70
2200	70
2271	70
2369	70
2446	70
2599	70
2676	70
2762	70
2877	70
2945	70
3089	70
3140	70
3285	70
3307	70
3460	70
3563	70
3620	70
3733	70
3866	70
3942	70
4026	70
4132	70
4203	70
4355	70
4429	70
4565	70
4651	70
4719	70
4848	70
4988	70
5072	70
5173	70
5231	70
5308	70
5484	70
5510	70
5630	70
5758	70
5837	70
5915	70
6093	70
6143	70
6250	70
6352	70
6424	70
6517	70
6698	70
6702	70
6879	70
6981	70
7078	70
7196	70
7247	70
7349	70
7486	70
7518	70
7691	70
7735	70
7897	70
7912	70
8067	70
8111	70
8254	70
8304	70
8459	70
8514	70
8692	70
8705	70
8828	70
8936	70
9001	70
9141	70
9234	70
9321	70
9495	70
9580	70
9639	70
9782	70
9838	70
9974	70
18	71
193	71
242	71
388	71
441	71
545	71
679	71
711	71
821	71
953	71
1037	71
1123	71
1298	71
1383	71
1432	71
1575	71
1654	71
1769	71
1872	71
1963	71
2036	71
2109	71
2213	71
2358	71
2466	71
2595	71
2696	71
2787	71
2803	71
2931	71
3012	71
3125	71
3276	71
3333	71
3465	71
3594	71
3646	71
3707	71
3857	71
3920	71
4064	71
4130	71
4267	71
4362	71
4406	71
4556	71
4617	71
4789	71
4900	71
4977	71
5002	71
5126	71
5286	71
5373	71
5485	71
5581	71
5605	71
5784	71
5839	71
5980	71
6061	71
6128	71
6235	71
6390	71
6470	71
6540	71
6650	71
6760	71
6855	71
6916	71
7044	71
7127	71
7274	71
7378	71
7414	71
7543	71
7608	71
7751	71
7829	71
7992	71
8019	71
8147	71
8248	71
8399	71
8422	71
8549	71
8638	71
8759	71
8882	71
8971	71
9091	71
9110	71
9215	71
9324	71
9434	71
9568	71
9697	71
9701	71
9804	71
9952	71
55	72
145	72
228	72
306	72
453	72
540	72
671	72
732	72
814	72
999	72
1002	72
1149	72
1270	72
1373	72
1401	72
1582	72
1696	72
1790	72
1841	72
1983	72
2077	72
2137	72
2294	72
2303	72
2418	72
2572	72
2612	72
2789	72
2867	72
2958	72
3030	72
3134	72
3280	72
3360	72
3500	72
3550	72
3661	72
3739	72
3879	72
3915	72
4091	72
4166	72
4252	72
4357	72
4447	72
4509	72
4624	72
4778	72
4807	72
4981	72
5013	72
5185	72
5292	72
5365	72
5420	72
5575	72
5644	72
5735	72
5874	72
5997	72
6027	72
6188	72
6264	72
6354	72
6422	72
6542	72
6662	72
6726	72
6851	72
6908	72
7093	72
7104	72
7223	72
7359	72
7484	72
7538	72
7663	72
7746	72
7898	72
7910	72
8005	72
8186	72
8211	72
8368	72
8433	72
8529	72
8636	72
8787	72
8869	72
8919	72
9076	72
9195	72
9216	72
9317	72
9431	72
9543	72
9621	72
9748	72
9856	72
9925	72
67	73
180	73
298	73
370	73
414	73
519	73
668	73
738	73
879	73
975	73
1063	73
1150	73
1222	73
1357	73
1446	73
1572	73
1611	73
1713	73
1891	73
1939	73
2012	73
2193	73
2288	73
2329	73
2410	73
2553	73
2649	73
2724	73
2804	73
2923	73
3097	73
3186	73
3266	73
3351	73
3485	73
3545	73
3695	73
3748	73
3801	73
3925	73
4008	73
4128	73
4202	73
4369	73
4432	73
4542	73
4626	73
4754	73
4834	73
4952	73
5003	73
5105	73
5236	73
5355	73
5473	73
5587	73
5678	73
5727	73
5890	73
5982	73
6040	73
6200	73
6265	73
6374	73
6499	73
6509	73
6631	73
6764	73
6883	73
6976	73
7007	73
7184	73
7259	73
7341	73
7443	73
7547	73
7644	73
7717	73
7877	73
7906	73
8020	73
8135	73
8261	73
8337	73
8418	73
8558	73
8681	73
8796	73
8815	73
8930	73
9092	73
9156	73
9260	73
9333	73
9421	73
9589	73
9616	73
9794	73
9862	73
9971	73
4	74
130	74
205	74
389	74
437	74
593	74
616	74
754	74
851	74
981	74
1073	74
1177	74
1240	74
1362	74
1419	74
1545	74
1635	74
1759	74
1846	74
1976	74
2063	74
2128	74
2234	74
2360	74
2443	74
2507	74
2648	74
2711	74
2829	74
2941	74
3015	74
3120	74
3265	74
3372	74
3408	74
3555	74
3682	74
3764	74
3856	74
3992	74
4074	74
4185	74
4210	74
4309	74
4423	74
4587	74
4650	74
4731	74
4825	74
4913	74
5032	74
5169	74
5296	74
5327	74
5414	74
5533	74
5653	74
5794	74
5868	74
5924	74
6052	74
6136	74
6226	74
6399	74
6486	74
6557	74
6678	74
6766	74
6817	74
6995	74
7006	74
7180	74
7275	74
7390	74
7421	74
7501	74
7612	74
7718	74
7884	74
7983	74
8022	74
8167	74
8258	74
8391	74
8461	74
8503	74
8679	74
8797	74
8847	74
8942	74
9088	74
9144	74
9202	74
9400	74
9471	74
9549	74
9670	74
9738	74
9898	74
9939	74
14	75
174	75
272	75
307	75
497	75
549	75
673	75
760	75
861	75
985	75
1016	75
1138	75
1236	75
1376	75
1403	75
1554	75
1657	75
1704	75
1811	75
1921	75
2035	75
2180	75
2250	75
2393	75
2468	75
2530	75
2656	75
2708	75
2834	75
2996	75
3052	75
3190	75
3232	75
3301	75
3448	75
3522	75
3644	75
3709	75
3863	75
3988	75
4017	75
4167	75
4227	75
4319	75
4412	75
4515	75
4691	75
4747	75
4829	75
4983	75
5098	75
5106	75
5228	75
5337	75
5494	75
5584	75
5679	75
5777	75
5870	75
5939	75
6059	75
6155	75
6245	75
6318	75
6451	75
6525	75
6665	75
6723	75
6864	75
6971	75
7089	75
7200	75
7231	75
7375	75
7462	75
7595	75
7633	75
7758	75
7853	75
7978	75
8087	75
8182	75
8292	75
8341	75
8413	75
8524	75
8699	75
8740	75
8843	75
8920	75
9046	75
9166	75
9269	75
9381	75
9410	75
9505	75
9602	75
9786	75
9842	75
9926	75
26	76
127	76
264	76
330	76
476	76
524	76
632	76
716	76
839	76
984	76
1074	76
1151	76
1267	76
1377	76
1452	76
1507	76
1613	76
1770	76
1856	76
1996	76
2017	76
2146	76
2205	76
2395	76
2493	76
2512	76
2690	76
2709	76
2831	76
2988	76
3068	76
3175	76
3211	76
3357	76
3436	76
3503	76
3628	76
3744	76
3859	76
3983	76
4022	76
4182	76
4298	76
4342	76
4480	76
4543	76
4638	76
4714	76
4808	76
4901	76
5006	76
5172	76
5271	76
5378	76
5469	76
5554	76
5661	76
5765	76
5819	76
5941	76
6033	76
6194	76
6299	76
6337	76
6429	76
6558	76
6625	76
6753	76
6860	76
6920	76
7021	76
7192	76
7218	76
7379	76
7404	76
7549	76
7647	76
7734	76
7815	76
7945	76
8063	76
8181	76
8285	76
8397	76
8450	76
8548	76
8662	76
8702	76
8886	76
8923	76
9073	76
9200	76
9240	76
9355	76
9435	76
9566	76
9689	76
9710	76
9891	76
9987	76
98	77
131	77
284	77
355	77
463	77
594	77
642	77
715	77
806	77
956	77
1099	77
1112	77
1286	77
1318	77
1434	77
1551	77
1632	77
1707	77
1854	77
1953	77
2045	77
2121	77
2269	77
2387	77
2435	77
2546	77
2664	77
2792	77
2805	77
2908	77
3037	77
3114	77
3296	77
3374	77
3413	77
3597	77
3624	77
3789	77
3809	77
3962	77
4028	77
4172	77
4293	77
4366	77
4467	77
4588	77
4601	77
4748	77
4820	77
4923	77
5058	77
5149	77
5260	77
5336	77
5417	77
5547	77
5683	77
5761	77
5844	77
5968	77
6057	77
6173	77
6282	77
6385	77
6440	77
6600	77
6604	77
6779	77
6829	77
6978	77
7041	77
7165	77
7219	77
7391	77
7471	77
7503	77
7670	77
7710	77
7843	77
7952	77
8081	77
8139	77
8222	77
8375	77
8416	77
8525	77
8690	77
8730	77
8880	77
8933	77
9077	77
9150	77
9295	77
9326	77
9459	77
9511	77
9638	77
9727	77
9802	77
9976	77
5	78
186	78
265	78
377	78
494	78
567	78
666	78
779	78
834	78
909	78
1023	78
1129	78
1233	78
1392	78
1480	78
1542	78
1668	78
1751	78
1815	78
1947	78
2076	78
2159	78
2257	78
2324	78
2448	78
2585	78
2627	78
2764	78
2813	78
2937	78
3071	78
3126	78
3282	78
3346	78
3484	78
3596	78
3606	78
3791	78
3853	78
3987	78
4049	78
4103	78
4263	78
4390	78
4440	78
4516	78
4611	78
4702	78
4804	78
4943	78
5095	78
5144	78
5241	78
5381	78
5478	78
5501	78
5699	78
5712	78
5817	78
5945	78
6100	78
6198	78
6293	78
6360	78
6497	78
6518	78
6610	78
6761	78
6889	78
6931	78
7020	78
7155	78
7230	78
7339	78
7407	78
7554	78
7638	78
7788	78
7872	78
7936	78
8073	78
8150	78
8275	78
8332	78
8414	78
8570	78
8652	78
8728	78
8835	78
8921	78
9022	78
9162	78
9208	78
9383	78
9425	78
9569	78
9656	78
9774	78
9858	78
9919	78
100	79
164	79
237	79
357	79
489	79
536	79
635	79
756	79
816	79
944	79
1076	79
1104	79
1297	79
1348	79
1450	79
1558	79
1640	79
1723	79
1896	79
1992	79
2091	79
2113	79
2287	79
2322	79
2461	79
2580	79
2607	79
2755	79
2842	79
2995	79
3067	79
3119	79
3227	79
3315	79
3486	79
3539	79
3621	79
3726	79
3805	79
3974	79
4073	79
4109	79
4224	79
4383	79
4463	79
4538	79
4603	79
4728	79
4831	79
4959	79
5029	79
5134	79
5288	79
5343	79
5451	79
5553	79
5646	79
5762	79
5898	79
5975	79
6071	79
6152	79
6294	79
6381	79
6418	79
6514	79
6654	79
6782	79
6841	79
6969	79
7099	79
7130	79
7284	79
7301	79
7466	79
7568	79
7665	79
7732	79
7878	79
7985	79
8047	79
8145	79
8217	79
8325	79
8412	79
8572	79
8611	79
8733	79
8893	79
8990	79
9008	79
9160	79
9210	79
9349	79
9470	79
9577	79
9620	79
9702	79
9806	79
9979	79
24	80
135	80
234	80
345	80
406	80
521	80
688	80
723	80
803	80
977	80
1041	80
1116	80
1257	80
1340	80
1453	80
1504	80
1693	80
1708	80
1862	80
1948	80
2052	80
2105	80
2280	80
2356	80
2402	80
2571	80
2642	80
2739	80
2896	80
2912	80
3043	80
3189	80
3230	80
3392	80
3474	80
3509	80
3663	80
3725	80
3818	80
3927	80
4011	80
4155	80
4246	80
4351	80
4422	80
4529	80
4632	80
4738	80
4847	80
4967	80
5086	80
5182	80
5217	80
5349	80
5481	80
5590	80
5601	80
5770	80
5872	80
5985	80
6060	80
6191	80
6266	80
6326	80
6494	80
6520	80
6661	80
6768	80
6807	80
6984	80
7087	80
7131	80
7273	80
7350	80
7454	80
7558	80
7697	80
7715	80
7819	80
7914	80
8064	80
8144	80
8276	80
8310	80
8498	80
8528	80
8633	80
8737	80
8865	80
9000	80
9095	80
9169	80
9299	80
9313	80
9479	80
9583	80
9659	80
9778	80
9836	80
9975	80
56	81
173	81
220	81
360	81
469	81
542	81
610	81
776	81
819	81
952	81
1025	81
1140	81
1272	81
1324	81
1438	81
1505	81
1612	81
1715	81
1892	81
1974	81
2013	81
2181	81
2206	81
2304	81
2421	81
2551	81
2658	81
2771	81
2897	81
2993	81
3090	81
3184	81
3226	81
3389	81
3443	81
3528	81
3611	81
3783	81
3898	81
3955	81
4075	81
4187	81
4264	81
4370	81
4485	81
4502	81
4614	81
4779	81
4878	81
4995	81
5037	81
5132	81
5262	81
5361	81
5435	81
5568	81
5667	81
5759	81
5833	81
5918	81
6046	81
6109	81
6201	81
6365	81
6441	81
6553	81
6700	81
6788	81
6850	81
6936	81
7029	81
7166	81
7207	81
7396	81
7403	81
7522	81
7677	81
7744	81
7845	81
7923	81
8027	81
8116	81
8231	81
8382	81
8449	81
8508	81
8647	81
8791	81
8894	81
8917	81
9034	81
9139	81
9257	81
9386	81
9480	81
9548	81
9630	81
9799	81
9854	81
9963	81
96	82
152	82
260	82
368	82
467	82
514	82
603	82
795	82
844	82
962	82
1084	82
1113	82
1276	82
1346	82
1411	82
1523	82
1622	82
1755	82
1851	82
1961	82
2030	82
2131	82
2212	82
2398	82
2474	82
2597	82
2657	82
2717	82
2835	82
2990	82
3004	82
3182	82
3221	82
3341	82
3426	82
3524	82
3649	82
3766	82
3845	82
3986	82
4094	82
4102	82
4216	82
4399	82
4489	82
4528	82
4677	82
4769	82
4871	82
4920	82
5085	82
5138	82
5293	82
5318	82
5463	82
5579	82
5648	82
5764	82
5850	82
5956	82
6039	82
6106	82
6205	82
6307	82
6478	82
6533	82
6672	82
6765	82
6810	82
6947	82
7059	82
7137	82
7215	82
7332	82
7487	82
7553	82
7654	82
7742	82
7801	82
7973	82
8009	82
8183	82
8229	82
8392	82
8500	82
8580	82
8619	82
8770	82
8840	82
8925	82
9081	82
9143	82
9227	82
9358	82
9475	82
9588	82
9608	82
9736	82
9834	82
9991	82
52	83
104	83
268	83
390	83
466	83
547	83
692	83
710	83
862	83
920	83
1028	83
1191	83
1245	83
1385	83
1439	83
1595	83
1667	83
1760	83
1882	83
1925	83
2059	83
2111	83
2297	83
2381	83
2498	83
2570	83
2618	83
2731	83
2883	83
2961	83
3021	83
3163	83
3207	83
3348	83
3416	83
3535	83
3655	83
3772	83
3846	83
3913	83
4024	83
4105	83
4249	83
4386	83
4409	83
4578	83
4644	83
4773	83
4840	83
4927	83
5088	83
5136	83
5258	83
5354	83
5429	83
5506	83
5684	83
5741	83
5857	83
5908	83
6089	83
6196	83
6275	83
6303	83
6471	83
6599	83
6623	83
6776	83
6801	83
6994	83
7015	83
7119	83
7202	83
7314	83
7480	83
7551	83
7669	83
7750	83
7817	83
7965	83
8042	83
8122	83
8230	83
8400	83
8479	83
8564	83
8653	83
8734	83
8887	83
8912	83
9056	83
9133	83
9274	83
9332	83
9438	83
9593	83
9643	83
9726	83
9837	83
9977	83
17	84
178	84
263	84
379	84
465	84
534	84
625	84
735	84
849	84
918	84
1047	84
1170	84
1269	84
1339	84
1421	84
1538	84
1631	84
1797	84
1895	84
1941	84
2066	84
2161	84
2230	84
2354	84
2464	84
2502	84
2610	84
2746	84
2833	84
2999	84
3084	84
3103	84
3240	84
3322	84
3445	84
3527	84
3636	84
3782	84
3852	84
3971	84
4067	84
4173	84
4243	84
4393	84
4450	84
4513	84
4623	84
4788	84
4881	84
4987	84
5083	84
5198	84
5274	84
5380	84
5460	84
5532	84
5619	84
5786	84
5885	84
5912	84
6024	84
6108	84
6290	84
6375	84
6411	84
6507	84
6655	84
6729	84
6896	84
6957	84
7100	84
7105	84
7220	84
7309	84
7459	84
7526	84
7668	84
7706	84
7804	84
7928	84
8094	84
8176	84
8242	84
8372	84
8477	84
8562	84
8616	84
8756	84
8837	84
8989	84
9058	84
9192	84
9248	84
9391	84
9444	84
9515	84
9651	84
9753	84
9801	84
9914	84
90	85
197	85
278	85
400	85
464	85
576	85
618	85
791	85
827	85
914	85
1077	85
1189	85
1275	85
1395	85
1454	85
1524	85
1663	85
1705	85
1831	85
1969	85
2051	85
2106	85
2272	85
2355	85
2445	85
2592	85
2611	85
2740	85
2866	85
2984	85
3065	85
3168	85
3239	85
3385	85
3452	85
3549	85
3688	85
3712	85
3810	85
3923	85
4043	85
4156	85
4201	85
4320	85
4436	85
4553	85
4619	85
4730	85
4826	85
4921	85
5067	85
5181	85
5273	85
5333	85
5448	85
5541	85
5682	85
5728	85
5816	85
5917	85
6037	85
6199	85
6280	85
6313	85
6462	85
6535	85
6607	85
6793	85
6809	85
6915	85
7096	85
7159	85
7270	85
7383	85
7494	85
7598	85
7671	85
7738	85
7847	85
7960	85
8002	85
8174	85
8250	85
8334	85
8442	85
8557	85
8622	85
8708	85
8832	85
8929	85
9025	85
9187	85
9258	85
9346	85
9461	85
9504	85
9603	85
9779	85
9844	85
9986	85
22	86
190	86
207	86
313	86
450	86
558	86
624	86
799	86
876	86
972	86
1026	86
1135	86
1282	86
1341	86
1488	86
1525	86
1656	86
1732	86
1834	86
1987	86
2018	86
2174	86
2214	86
2359	86
2420	86
2521	86
2602	86
2784	86
2900	86
2939	86
3044	86
3179	86
3271	86
3308	86
3461	86
3573	86
3692	86
3717	86
3889	86
3965	86
4054	86
4148	86
4286	86
4397	86
4477	86
4580	86
4670	86
4736	86
4867	86
4928	86
5046	86
5196	86
5215	86
5383	86
5412	86
5569	86
5685	86
5704	86
5863	86
5919	86
6064	86
6178	86
6210	86
6340	86
6423	86
6538	86
6666	86
6711	86
6875	86
6952	86
7043	86
7129	86
7293	86
7345	86
7481	86
7527	86
7601	86
7733	86
7842	86
7968	86
8051	86
8130	86
8260	86
8305	86
8447	86
8598	86
8657	86
8703	86
8809	86
8937	86
9053	86
9106	86
9249	86
9395	86
9491	86
9555	86
9662	86
9731	86
9894	86
9916	86
85	87
146	87
224	87
354	87
488	87
503	87
626	87
789	87
891	87
982	87
1069	87
1125	87
1290	87
1397	87
1416	87
1511	87
1674	87
1738	87
1818	87
1927	87
2065	87
2163	87
2275	87
2312	87
2462	87
2593	87
2673	87
2767	87
2870	87
2966	87
3072	87
3155	87
3264	87
3329	87
3405	87
3598	87
3639	87
3732	87
3844	87
3999	87
4076	87
4158	87
4277	87
4308	87
4460	87
4535	87
4606	87
4761	87
4821	87
4986	87
5034	87
5159	87
5253	87
5340	87
5402	87
5548	87
5604	87
5771	87
5828	87
5952	87
6049	87
6137	87
6230	87
6341	87
6495	87
6510	87
6619	87
6778	87
6880	87
6923	87
7047	87
7122	87
7209	87
7368	87
7442	87
7581	87
7684	87
7745	87
7856	87
7957	87
8083	87
8136	87
8300	87
8333	87
8492	87
8517	87
8696	87
8751	87
8820	87
8913	87
9079	87
9107	87
9201	87
9331	87
9494	87
9587	87
9614	87
9743	87
9850	87
9915	87
77	88
118	88
208	88
334	88
404	88
517	88
649	88
774	88
878	88
968	88
1009	88
1145	88
1242	88
1382	88
1441	88
1589	88
1688	88
1792	88
1819	88
1911	88
2006	88
2156	88
2231	88
2307	88
2470	88
2533	88
2675	88
2712	88
2810	88
2938	88
3059	88
3187	88
3228	88
3347	88
3483	88
3562	88
3667	88
3794	88
3839	88
3980	88
4086	88
4124	88
4284	88
4353	88
4444	88
4599	88
4625	88
4735	88
4814	88
4932	88
5040	88
5130	88
5246	88
5326	88
5437	88
5572	88
5663	88
5743	88
5865	88
5913	88
6091	88
6181	88
6271	88
6302	88
6455	88
6595	88
6601	88
6721	88
6815	88
6966	88
7036	88
7193	88
7298	88
7316	88
7427	88
7585	88
7650	88
7757	88
7852	88
7954	88
8029	88
8123	88
8279	88
8358	88
8497	88
8600	88
8605	88
8720	88
8890	88
8973	88
9064	88
9161	88
9222	88
9351	88
9448	88
9576	88
9660	88
9796	88
9803	88
9969	88
23	89
196	89
230	89
346	89
447	89
589	89
648	89
763	89
828	89
994	89
1040	89
1132	89
1229	89
1393	89
1461	89
1560	89
1687	89
1720	89
1870	89
1979	89
2005	89
2114	89
2259	89
2336	89
2476	89
2549	89
2613	89
2718	89
2838	89
2922	89
3027	89
3116	89
3252	89
3383	89
3462	89
3511	89
3608	89
3788	89
3851	89
3902	89
4006	89
4143	89
4278	89
4325	89
4492	89
4600	89
4637	89
4709	89
4856	89
4954	89
5035	89
5133	89
5210	89
5317	89
5419	89
5591	89
5642	89
5715	89
5873	89
5972	89
6021	89
6150	89
6285	89
6364	89
6475	89
6571	89
6677	89
6703	89
6867	89
6990	89
7053	89
7139	89
7226	89
7386	89
7495	89
7544	89
7641	89
7766	89
7880	89
7981	89
8099	89
8169	89
8282	89
8374	89
8404	89
8597	89
8645	89
8712	89
8855	89
8958	89
9065	89
9198	89
9224	89
9357	89
9484	89
9531	89
9668	89
9734	89
9807	89
9901	89
16	90
142	90
282	90
378	90
411	90
508	90
638	90
725	90
831	90
963	90
1018	90
1101	90
1235	90
1332	90
1484	90
1522	90
1659	90
1714	90
1886	90
1956	90
2085	90
2117	90
2273	90
2340	90
2483	90
2503	90
2698	90
2723	90
2889	90
2915	90
3013	90
3177	90
3294	90
3365	90
3497	90
3552	90
3691	90
3719	90
3896	90
3976	90
4100	90
4129	90
4207	90
4312	90
4424	90
4537	90
4645	90
4710	90
4806	90
4902	90
5079	90
5139	90
5268	90
5367	90
5426	90
5564	90
5657	90
5750	90
5892	90
5934	90
6030	90
6149	90
6204	90
6387	90
6448	90
6561	90
6699	90
6743	90
6805	90
6974	90
7062	90
7181	90
7244	90
7351	90
7490	90
7555	90
7646	90
7736	90
7893	90
7927	90
8041	90
8121	90
8280	90
8369	90
8488	90
8553	90
8695	90
8760	90
8866	90
8975	90
9070	90
9147	90
9220	90
9371	90
9458	90
9509	90
9672	90
9754	90
9828	90
9933	90
20	91
139	91
285	91
376	91
421	91
509	91
655	91
766	91
893	91
912	91
1096	91
1119	91
1273	91
1390	91
1445	91
1515	91
1658	91
1741	91
1894	91
1943	91
2075	91
2103	91
2207	91
2333	91
2444	91
2565	91
2640	91
2759	91
2853	91
2916	91
3078	91
3138	91
3204	91
3364	91
3432	91
3530	91
3625	91
3777	91
3811	91
3989	91
4071	91
4181	91
4274	91
4334	91
4401	91
4570	91
4646	91
4762	91
4817	91
4947	91
5023	91
5163	91
5297	91
5386	91
5492	91
5550	91
5608	91
5714	91
5831	91
5987	91
6006	91
6118	91
6279	91
6391	91
6500	91
6598	91
6626	91
6710	91
6852	91
6905	91
7068	91
7183	91
7261	91
7327	91
7436	91
7524	91
7656	91
7795	91
7869	91
7942	91
8082	91
8199	91
8213	91
8351	91
8480	91
8560	91
8684	91
8722	91
8848	91
8988	91
9002	91
9129	91
9267	91
9337	91
9449	91
9557	91
9654	91
9735	91
9872	91
9928	91
35	92
189	92
249	92
312	92
458	92
554	92
663	92
709	92
826	92
934	92
1068	92
1152	92
1247	92
1379	92
1405	92
1577	92
1648	92
1786	92
1859	92
1978	92
2043	92
2140	92
2220	92
2397	92
2436	92
2555	92
2694	92
2765	92
2875	92
2991	92
3083	92
3170	92
3202	92
3306	92
3499	92
3569	92
3617	92
3745	92
3819	92
3993	92
4041	92
4133	92
4281	92
4318	92
4411	92
4598	92
4660	92
4746	92
4853	92
4984	92
5021	92
5174	92
5203	92
5329	92
5410	92
5539	92
5687	92
5701	92
5822	92
5944	92
6082	92
6123	92
6231	92
6342	92
6425	92
6528	92
6671	92
6790	92
6832	92
6907	92
7014	92
7156	92
7280	92
7392	92
7457	92
7600	92
7616	92
7708	92
7830	92
7961	92
8004	92
8137	92
8296	92
8395	92
8451	92
8515	92
8650	92
8724	92
8827	92
8962	92
9067	92
9138	92
9273	92
9388	92
9485	92
9564	92
9666	92
9776	92
9813	92
9972	92
33	93
108	93
280	93
326	93
495	93
574	93
604	93
701	93
873	93
932	93
1075	93
1192	93
1252	93
1358	93
1493	93
1530	93
1670	93
1771	93
1881	93
2000	93
2057	93
2115	93
2211	93
2331	93
2486	93
2587	93
2616	93
2748	93
2802	93
2905	93
3053	93
3159	93
3237	93
3344	93
3469	93
3529	93
3662	93
3798	93
3807	93
3997	93
4060	93
4163	93
4228	93
4384	93
4421	93
4547	93
4612	93
4794	93
4888	93
4964	93
5017	93
5122	93
5214	93
5324	93
5438	93
5527	93
5677	93
5723	93
5835	93
5942	93
6041	93
6168	93
6254	93
6319	93
6406	93
6578	93
6682	93
6746	93
6820	93
6945	93
7056	93
7149	93
7266	93
7372	93
7489	93
7525	93
7667	93
7796	93
7834	93
7939	93
8076	93
8191	93
8210	93
8318	93
8483	93
8543	93
8613	93
8785	93
8861	93
8903	93
9009	93
9190	93
9279	93
9350	93
9436	93
9551	93
9665	93
9740	93
9899	93
9955	93
71	94
119	94
274	94
394	94
482	94
557	94
640	94
717	94
870	94
990	94
1052	94
1139	94
1277	94
1380	94
1478	94
1529	94
1642	94
1791	94
1808	94
1968	94
2028	94
2165	94
2253	94
2362	94
2416	94
2583	94
2643	94
2737	94
2869	94
2964	94
3036	94
3147	94
3292	94
3396	94
3463	94
3546	94
3687	94
3711	94
3812	94
3945	94
4021	94
4159	94
4223	94
4389	94
4449	94
4530	94
4700	94
4718	94
4875	94
4993	94
5026	94
5195	94
5244	94
5307	94
5406	94
5525	94
5638	94
5710	94
5888	94
5914	94
6004	94
6161	94
6284	94
6335	94
6466	94
6579	94
6686	94
6724	94
6898	94
6901	94
7051	94
7185	94
7276	94
7302	94
7458	94
7520	94
7672	94
7713	94
7809	94
7922	94
8031	94
8134	94
8299	94
8373	94
8448	94
8550	94
8603	94
8715	94
8897	94
8967	94
9055	94
9181	94
9241	94
9327	94
9432	94
9554	94
9633	94
9760	94
9805	94
9956	94
63	95
156	95
221	95
325	95
472	95
544	95
699	95
794	95
836	95
980	95
1032	95
1195	95
1292	95
1327	95
1469	95
1600	95
1686	95
1709	95
1807	95
1910	95
2062	95
2191	95
2290	95
2323	95
2408	95
2584	95
2645	95
2728	95
2816	95
2977	95
3049	95
3178	95
3224	95
3366	95
3455	95
3581	95
3679	95
3706	95
3861	95
3931	95
4089	95
4174	95
4212	95
4348	95
4446	95
4583	95
4635	95
4768	95
4838	95
4929	95
5087	95
5141	95
5220	95
5393	95
5459	95
5519	95
5652	95
5702	95
5815	95
5947	95
6005	95
6142	95
6222	95
6371	95
6433	95
6596	95
6618	95
6797	95
6843	95
6917	95
7070	95
7157	95
7214	95
7367	95
7440	95
7564	95
7613	95
7730	95
7837	95
7976	95
8054	95
8165	95
8201	95
8353	95
8426	95
8573	95
8604	95
8758	95
8888	95
8950	95
9003	95
9175	95
9211	95
9334	95
9439	95
9560	95
9685	95
9751	95
9882	95
9998	95
65	96
138	96
231	96
303	96
444	96
572	96
683	96
745	96
890	96
919	96
1014	96
1153	96
1262	96
1370	96
1427	96
1573	96
1661	96
1777	96
1849	96
1955	96
2079	96
2166	96
2289	96
2351	96
2442	96
2518	96
2615	96
2754	96
2880	96
2930	96
3040	96
3191	96
3216	96
3358	96
3401	96
3593	96
3626	96
3760	96
3878	96
3936	96
4059	96
4113	96
4205	96
4376	96
4494	96
4596	96
4610	96
4787	96
4837	96
4950	96
5008	96
5175	96
5300	96
5322	96
5428	96
5588	96
5656	96
5746	96
5825	96
5992	96
6085	96
6107	96
6267	96
6343	96
6434	96
6532	96
6652	96
6757	96
6874	96
6935	96
7023	96
7195	96
7264	96
7347	96
7409	96
7586	96
7698	96
7704	96
7848	96
7917	96
8011	96
8171	96
8297	96
8324	96
8421	96
8563	96
8668	96
8706	96
8812	96
8982	96
9033	96
9102	96
9281	96
9369	96
9420	96
9541	96
9699	96
9729	96
9839	96
9984	96
60	97
116	97
225	97
304	97
475	97
570	97
676	97
705	97
837	97
927	97
1035	97
1178	97
1212	97
1349	97
1491	97
1592	97
1624	97
1754	97
1899	97
1985	97
2071	97
2108	97
2239	97
2341	97
2467	97
2579	97
2622	97
2795	97
2801	97
2944	97
3007	97
3181	97
3293	97
3340	97
3487	97
3519	97
3668	97
3765	97
3832	97
3950	97
4051	97
4121	97
4230	97
4352	97
4459	97
4534	97
4647	97
4729	97
4896	97
4945	97
5028	97
5197	97
5277	97
5302	97
5488	97
5511	97
5666	97
5774	97
5900	97
5923	97
6036	97
6158	97
6248	97
6355	97
6457	97
6590	97
6663	97
6769	97
6873	97
6961	97
7086	97
7164	97
7210	97
7384	97
7483	97
7546	97
7603	97
7756	97
7894	97
7918	97
8072	97
8189	97
8253	97
8398	97
8462	97
8542	97
8643	97
8726	97
8813	97
8906	97
9038	97
9115	97
9214	97
9382	97
9409	97
9533	97
9680	97
9720	97
9817	97
9931	97
28	98
159	98
238	98
315	98
423	98
510	98
684	98
704	98
866	98
992	98
1050	98
1196	98
1207	98
1345	98
1490	98
1512	98
1617	98
1782	98
1857	98
1965	98
2020	98
2142	98
2261	98
2348	98
2488	98
2526	98
2685	98
2779	98
2852	98
2929	98
3051	98
3102	98
3274	98
3337	98
3468	98
3543	98
3672	98
3734	98
3855	98
3969	98
4025	98
4118	98
4240	98
4336	98
4476	98
4532	98
4695	98
4777	98
4827	98
4919	98
5097	98
5189	98
5206	98
5303	98
5453	98
5578	98
5647	98
5773	98
5887	98
5991	98
6058	98
6114	98
6270	98
6309	98
6431	98
6586	98
6621	98
6781	98
6863	98
6983	98
7008	98
7162	98
7294	98
7313	98
7449	98
7516	98
7700	98
7722	98
7899	98
7993	98
8060	98
8124	98
8233	98
8335	98
8475	98
8539	98
8656	98
8780	98
8846	98
8905	98
9098	98
9130	98
9254	98
9364	98
9401	98
9571	98
9641	98
9744	98
9867	98
9911	98
46	99
157	99
219	99
323	99
479	99
582	99
694	99
785	99
838	99
905	99
1086	99
1111	99
1249	99
1356	99
1481	99
1566	99
1606	99
1798	99
1839	99
1988	99
2007	99
2171	99
2229	99
2342	99
2424	99
2564	99
2684	99
2732	99
2820	99
2927	99
3096	99
3109	99
3217	99
3378	99
3459	99
3591	99
3631	99
3710	99
3893	99
3943	99
4033	99
4168	99
4250	99
4361	99
4402	99
4514	99
4655	99
4767	99
4830	99
4975	99
5004	99
5118	99
5235	99
5316	99
5444	99
5551	99
5654	99
5760	99
5862	99
5963	99
6025	99
6189	99
6292	99
6328	99
6421	99
6526	99
6645	99
6740	99
6865	99
6980	99
7001	99
7199	99
7297	99
7336	99
7413	99
7508	99
7674	99
7703	99
7812	99
7958	99
8015	99
8195	99
8283	99
8377	99
8437	99
8590	99
8673	99
8748	99
8834	99
8953	99
9052	99
9176	99
9272	99
9322	99
9487	99
9570	99
9669	99
9747	99
9841	99
10000	99
36	100
103	100
300	100
342	100
401	100
505	100
667	100
798	100
802	100
910	100
1011	100
1148	100
1279	100
1314	100
1457	100
1544	100
1609	100
1746	100
1866	100
1934	100
2083	100
2112	100
2243	100
2306	100
2496	100
2529	100
2659	100
2719	100
2887	100
2986	100
3035	100
3174	100
3262	100
3324	100
3450	100
3517	100
3616	100
3781	100
3897	100
3940	100
4095	100
4164	100
4280	100
4315	100
4431	100
4594	100
4692	100
4755	100
4865	100
4941	100
5084	100
5158	100
5270	100
5304	100
5499	100
5561	100
5633	100
5788	100
5877	100
5938	100
6020	100
6126	100
6249	100
6322	100
6463	100
6530	100
6693	100
6739	100
6847	100
6953	100
7076	100
7154	100
7290	100
7356	100
7482	100
7552	100
7618	100
7772	100
7825	100
7971	100
8007	100
8173	100
8227	100
8313	100
8445	100
8585	100
8632	100
8723	100
8808	100
8951	100
9089	100
9191	100
9268	100
9328	100
9437	100
9521	100
9675	100
9769	100
9860	100
9978	100
